2 1
3 1.41421
4 1.41421
5 2.23607
6 2.23607
7 3.16228
8 3.60555
9 3.60555
10 3.60555
11 3.60555
12 4.47214
13 4.47214
14 4.47214
15 4.47214
16 4.47214
17 5
18 5.09902
19 5.09902
20 5.38516
21 5.38516
22 5.38516
23 6
24 6
25 6
26 6
27 6
28 7
29 7
30 7
31 7.07107
32 7.07107
33 7.07107
34 7.07107
35 7.07107
36 7.07107
37 7.07107
38 8.06226
39 9.05539
40 9.05539
41 9.05539
42 9.05539
43 10.0499
44 10.0499
45 10.0499
46 10.198
47 10.198
48 11.1803
49 11.1803
50 11.1803
51 11.1803
52 11.1803
53 11.1803
54 11.4018
55 11.4018
56 11.4018
57 12.0416
58 12.0416
59 12.0416
60 12.0416
61 12.0416
62 12.0416
63 12.0416
64 12.0416
65 12.0416
66 12.0416
67 12.0416
68 12.0416
69 12.0416
70 12.083
71 12.083
72 12.083
73 12.083
74 12.083
75 12.53
76 12.53
77 12.53
78 12.53
79 12.53
80 12.53
81 13.0384
82 13.0384
83 13.0384
84 13.0384
85 13.0384
86 13.0384
87 13.6015
88 13.6015
89 13.6015
90 13.6015
91 13.6015
92 13.6015
93 13.6015
94 13.6015
95 14.0357
96 14.0357
97 14.0357
98 14.0357
99 14.0357
100 14.0357
