10 3.60555
20 5.38516
30 7
40 9.05539
50 11.1803
60 12.0416
70 12.083
80 12.53
90 13.6015
100 14.0357
110 15.2971
120 16.2788
130 16.4924
140 18.4391
150 18.6815
160 18.6815
170 20.8806
180 21.1896
190 21.1896
200 22.1359
210 23.0868
220 23.0868
230 24.0416
240 24.0416
250 24.5153
260 24.5153
270 25.2982
280 26.2488
290 26.2488
300 27.2029
310 27.2029
320 27.2029
330 27.2029
340 27.2029
350 28.3196
360 29.0689
370 29.1204
380 30.0832
390 30.0832
400 30.0832
410 30.3645
420 31.6228
430 33.5261
440 33.5261
450 33.5261
460 33.5261
470 34.4819
480 36.4005
490 38.6005
500 39.2938
510 39.5601
520 39.5601
530 39.5601
540 39.9249
550 40.8534
560 40.8534
570 41.2311
580 41.2311
590 42.2019
600 42.2019
610 42.72
620 42.72
630 42.72
640 43.0813
650 43.6807
660 43.6807
670 44.3847
680 44.643
690 44.7772
700 45.1885
710 47.0106
720 47.0106
730 47.0106
740 47.0106
750 47.0106
760 47.0106
770 47.927
780 47.927
790 47.927
800 47.927
810 47.927
820 48.7545
830 48.7545
840 48.7545
850 48.7545
860 48.7545
870 48.7545
880 49.6588
890 51.4782
900 51.4782
910 51.4782
920 51.4782
930 51.4782
940 52.3927
950 52.3927
960 52.3927
970 54.231
980 54.231
990 55.1543
1000 57.0088
