2 1
3 1.41421
4 1.41421
5 2.23607
6 2.23607
7 3.16228
8 3.60555
9 3.60555
10 3.60555
11 3.60555
12 4.47214
13 4.47214
14 4.47214
15 4.47214
16 4.47214
17 5
18 5.09902
19 5.09902
20 5.38516
21 5.38516
22 5.38516
23 6
24 6
25 6
26 6
27 6
28 7
29 7
30 7
31 7.07107
32 7.07107
33 7.07107
34 7.07107
35 7.07107
36 7.07107
37 7.07107
38 8.06226
39 9.05539
40 9.05539
41 9.05539
42 9.05539
43 10.0499
44 10.0499
45 10.0499
46 10.198
47 10.198
48 11.1803
49 11.1803
50 11.1803
51 11.1803
52 11.1803
53 11.1803
54 11.4018
55 11.4018
56 11.4018
57 12.0416
58 12.0416
59 12.0416
60 12.0416
61 12.0416
62 12.0416
63 12.0416
64 12.0416
65 12.0416
66 12.0416
67 12.0416
68 12.0416
69 12.0416
70 12.083
71 12.083
72 12.083
73 12.083
74 12.083
75 12.53
76 12.53
77 12.53
78 12.53
79 12.53
80 12.53
81 13.0384
82 13.0384
83 13.0384
84 13.0384
85 13.0384
86 13.0384
87 13.6015
88 13.6015
89 13.6015
90 13.6015
91 13.6015
92 13.6015
93 13.6015
94 13.6015
95 14.0357
96 14.0357
97 14.0357
98 14.0357
99 14.0357
100 14.0357
101 14.0357
102 14.0357
103 14.0357
104 14.3178
105 15.2971
106 15.2971
107 15.2971
108 15.2971
109 15.2971
110 15.2971
111 15.2971
112 16.2788
113 16.2788
114 16.2788
115 16.2788
116 16.2788
117 16.2788
118 16.2788
119 16.2788
120 16.2788
121 16.2788
122 16.2788
123 16.2788
124 16.4924
125 16.4924
126 16.4924
127 16.4924
128 16.4924
129 16.4924
130 16.4924
131 16.4924
132 16.4924
133 16.4924
134 16.4924
135 17.4642
136 17.4642
137 17.4642
138 17.4642
139 18.4391
140 18.4391
141 18.4391
142 18.4391
143 18.4391
144 18.4391
145 18.4391
146 18.4391
147 18.4391
148 18.4391
149 18.6815
150 18.6815
151 18.6815
152 18.6815
153 18.6815
154 18.6815
155 18.6815
156 18.6815
157 18.6815
158 18.6815
159 18.6815
160 18.6815
161 18.6815
162 19.6469
163 19.9249
164 19.9249
165 19.9249
166 20.8806
167 20.8806
168 20.8806
169 20.8806
170 20.8806
171 20.8806
172 20.8806
173 20.8806
174 20.8806
175 20.8806
176 20.8806
177 20.8806
178 20.8806
179 21.1896
180 21.1896
181 21.1896
182 21.1896
183 21.1896
184 21.1896
185 21.1896
186 21.1896
187 21.1896
188 21.1896
189 21.1896
190 21.1896
191 21.1896
192 21.1896
193 21.1896
194 21.1896
195 22.1359
196 22.1359
197 22.1359
198 22.1359
199 22.1359
200 22.1359
201 22.1359
202 22.1359
203 22.1359
204 22.1359
205 22.1359
206 22.1359
207 22.1359
208 22.561
209 22.561
210 23.0868
211 23.0868
212 23.0868
213 23.0868
214 23.0868
215 23.0868
216 23.0868
217 23.0868
218 23.0868
219 23.0868
220 23.0868
221 23.5372
222 23.5372
223 23.5372
224 23.5372
225 23.5372
226 23.5372
227 23.5372
228 24.0416
229 24.0416
230 24.0416
231 24.0416
232 24.0416
233 24.0416
234 24.0416
235 24.0416
236 24.0416
237 24.0416
238 24.0416
239 24.0416
240 24.0416
241 24.0416
242 24.0416
243 24.0416
244 24.0416
245 24.5153
246 24.5153
247 24.5153
248 24.5153
249 24.5153
250 24.5153
251 24.5153
252 24.5153
253 24.5153
254 24.5153
255 24.5153
256 24.5153
257 24.5153
258 24.5153
259 24.5153
260 24.5153
261 24.5153
262 24.5153
263 24.5153
264 24.5153
265 24.5153
266 24.5153
267 24.5153
268 25.2982
269 25.2982
270 25.2982
271 25.2982
272 25.2982
273 25.2982
274 25.2982
275 25.2982
276 26.2488
277 26.2488
278 26.2488
279 26.2488
280 26.2488
281 26.2488
282 26.2488
283 26.2488
284 26.2488
285 26.2488
286 26.2488
287 26.2488
288 26.2488
289 26.2488
290 26.2488
291 26.2488
292 26.2488
293 26.2488
294 26.2488
295 27.2029
296 27.2029
297 27.2029
298 27.2029
299 27.2029
300 27.2029
301 27.2029
302 27.2029
303 27.2029
304 27.2029
305 27.2029
306 27.2029
307 27.2029
308 27.2029
309 27.2029
310 27.2029
311 27.2029
312 27.2029
313 27.2029
314 27.2029
315 27.2029
316 27.2029
317 27.2029
318 27.2029
319 27.2029
320 27.2029
321 27.2029
322 27.2029
323 27.2029
324 27.2029
325 27.2029
326 27.2029
327 27.2029
328 27.2029
329 27.2029
330 27.2029
331 27.2029
332 27.2029
333 27.2029
334 27.2029
335 27.2029
336 27.2029
337 27.2029
338 27.2029
339 27.2029
340 27.2029
341 28.1603
342 28.1603
343 28.1603
344 28.1603
345 28.1603
346 28.1603
347 28.1603
348 28.3196
349 28.3196
350 28.3196
351 28.3196
352 29
353 29
354 29
355 29
356 29
357 29.0689
358 29.0689
359 29.0689
360 29.0689
361 29.0689
362 29.0689
363 29.0689
364 29.1204
365 29.1204
366 29.1204
367 29.1204
368 29.1204
369 29.1204
370 29.1204
371 29.1204
372 29.1204
373 29.1204
374 30.0832
375 30.0832
376 30.0832
377 30.0832
378 30.0832
379 30.0832
380 30.0832
381 30.0832
382 30.0832
383 30.0832
384 30.0832
385 30.0832
386 30.0832
387 30.0832
388 30.0832
389 30.0832
390 30.0832
391 30.0832
392 30.0832
393 30.0832
394 30.0832
395 30.0832
396 30.0832
397 30.0832
398 30.0832
399 30.0832
400 30.0832
401 30.0832
402 30.0832
403 30.0832
404 30.0832
405 30.0832
406 30.0832
407 30.0832
408 30.0832
409 30.0832
410 30.3645
411 30.3645
412 31.3209
413 31.3209
414 31.6228
415 31.6228
416 31.6228
417 31.6228
418 31.6228
419 31.6228
420 31.6228
421 31.6228
422 31.6228
423 31.6228
424 31.6228
425 31.6228
426 31.6228
427 32.573
428 33.5261
429 33.5261
430 33.5261
431 33.5261
432 33.5261
433 33.5261
434 33.5261
435 33.5261
436 33.5261
437 33.5261
438 33.5261
439 33.5261
440 33.5261
441 33.5261
442 33.5261
443 33.5261
444 33.5261
445 33.5261
446 33.5261
447 33.5261
448 33.5261
449 33.5261
450 33.5261
451 33.5261
452 33.5261
453 33.5261
454 33.5261
455 33.5261
456 33.5261
457 33.5261
458 33.5261
459 33.5261
460 33.5261
461 33.5261
462 33.5261
463 33.5261
464 33.5261
465 33.5261
466 33.5261
467 33.5261
468 33.5261
469 33.5261
470 34.4819
471 34.4819
472 34.4819
473 34.4819
474 34.4819
475 34.4819
476 34.4819
477 34.4819
478 35.4401
479 36.4005
480 36.4005
481 36.4005
482 36.4005
483 37.3631
484 38.3275
485 38.6005
486 38.6005
487 38.6005
488 38.6005
489 38.6005
490 38.6005
491 38.6005
492 38.8973
493 38.8973
494 38.8973
495 38.8973
496 39.2938
497 39.2938
498 39.2938
499 39.2938
500 39.2938
501 39.5601
502 39.5601
503 39.5601
504 39.5601
505 39.5601
506 39.5601
507 39.5601
508 39.5601
509 39.5601
510 39.5601
511 39.5601
512 39.5601
513 39.5601
514 39.5601
515 39.5601
516 39.5601
517 39.5601
518 39.5601
519 39.5601
520 39.5601
521 39.5601
522 39.5601
523 39.5601
524 39.5601
525 39.5601
526 39.5601
527 39.5601
528 39.5601
529 39.5601
530 39.5601
531 39.5601
532 39.5601
533 39.5601
534 39.5601
535 39.5601
536 39.5601
537 39.5601
538 39.5601
539 39.9249
540 39.9249
541 39.9249
542 39.9249
543 39.9249
544 39.9249
545 39.9249
546 39.9249
547 40.2616
548 40.8534
549 40.8534
550 40.8534
551 40.8534
552 40.8534
553 40.8534
554 40.8534
555 40.8534
556 40.8534
557 40.8534
558 40.8534
559 40.8534
560 40.8534
561 41.2311
562 41.2311
563 41.2311
564 41.2311
565 41.2311
566 41.2311
567 41.2311
568 41.2311
569 41.2311
570 41.2311
571 41.2311
572 41.2311
573 41.2311
574 41.2311
575 41.2311
576 41.2311
577 41.2311
578 41.2311
579 41.2311
580 41.2311
581 41.2311
582 41.2311
583 41.2311
584 41.2311
585 41.2311
586 41.2311
587 41.2311
588 41.7612
589 42.2019
590 42.2019
591 42.2019
592 42.2019
593 42.2019
594 42.2019
595 42.2019
596 42.2019
597 42.2019
598 42.2019
599 42.2019
600 42.2019
601 42.2019
602 42.2019
603 42.2019
604 42.2019
605 42.2019
606 42.2019
607 42.2019
608 42.2019
609 42.72
610 42.72
611 42.72
612 42.72
613 42.72
614 42.72
615 42.72
616 42.72
617 42.72
618 42.72
619 42.72
620 42.72
621 42.72
622 42.72
623 42.72
624 42.72
625 42.72
626 42.72
627 42.72
628 42.72
629 42.72
630 42.72
631 42.72
632 42.72
633 42.72
634 43.0813
635 43.0813
636 43.0813
637 43.0813
638 43.0813
639 43.0813
640 43.0813
641 43.0813
642 43.0813
643 43.0813
644 43.4166
645 43.4166
646 43.6807
647 43.6807
648 43.6807
649 43.6807
650 43.6807
651 43.6807
652 43.6807
653 43.6807
654 43.6807
655 43.6807
656 43.6807
657 43.6807
658 43.6807
659 43.6807
660 43.6807
661 43.6807
662 44.0114
663 44.0114
664 44.3847
665 44.3847
666 44.3847
667 44.3847
668 44.3847
669 44.3847
670 44.3847
671 44.3847
672 44.3847
673 44.3847
674 44.3847
675 44.3847
676 44.3847
677 44.3847
678 44.643
679 44.643
680 44.643
681 44.643
682 44.643
683 44.643
684 44.7772
685 44.7772
686 44.7772
687 44.7772
688 44.7772
689 44.7772
690 44.7772
691 44.7772
692 44.7772
693 44.7772
694 44.7772
695 44.7772
696 44.7772
697 45.1885
698 45.1885
699 45.1885
700 45.1885
701 45.1885
702 45.1885
703 46.0977
704 46.0977
705 47.0106
706 47.0106
707 47.0106
708 47.0106
709 47.0106
710 47.0106
711 47.0106
712 47.0106
713 47.0106
714 47.0106
715 47.0106
716 47.0106
717 47.0106
718 47.0106
719 47.0106
720 47.0106
721 47.0106
722 47.0106
723 47.0106
724 47.0106
725 47.0106
726 47.0106
727 47.0106
728 47.0106
729 47.0106
730 47.0106
731 47.0106
732 47.0106
733 47.0106
734 47.0106
735 47.0106
736 47.0106
737 47.0106
738 47.0106
739 47.0106
740 47.0106
741 47.0106
742 47.0106
743 47.0106
744 47.0106
745 47.0106
746 47.0106
747 47.0106
748 47.0106
749 47.0106
750 47.0106
751 47.0106
752 47.0106
753 47.0106
754 47.0106
755 47.0106
756 47.0106
757 47.0106
758 47.0106
759 47.0106
760 47.0106
761 47.927
762 47.927
763 47.927
764 47.927
765 47.927
766 47.927
767 47.927
768 47.927
769 47.927
770 47.927
771 47.927
772 47.927
773 47.927
774 47.927
775 47.927
776 47.927
777 47.927
778 47.927
779 47.927
780 47.927
781 47.927
782 47.927
783 47.927
784 47.927
785 47.927
786 47.927
787 47.927
788 47.927
789 47.927
790 47.927
791 47.927
792 47.927
793 47.927
794 47.927
795 47.927
796 47.927
797 47.927
798 47.927
799 47.927
800 47.927
801 47.927
802 47.927
803 47.927
804 47.927
805 47.927
806 47.927
807 47.927
808 47.927
809 47.927
810 47.927
811 47.927
812 47.927
813 47.927
814 47.927
815 47.927
816 47.927
817 47.927
818 47.927
819 48.7545
820 48.7545
821 48.7545
822 48.7545
823 48.7545
824 48.7545
825 48.7545
826 48.7545
827 48.7545
828 48.7545
829 48.7545
830 48.7545
831 48.7545
832 48.7545
833 48.7545
834 48.7545
835 48.7545
836 48.7545
837 48.7545
838 48.7545
839 48.7545
840 48.7545
841 48.7545
842 48.7545
843 48.7545
844 48.7545
845 48.7545
846 48.7545
847 48.7545
848 48.7545
849 48.7545
850 48.7545
851 48.7545
852 48.7545
853 48.7545
854 48.7545
855 48.7545
856 48.7545
857 48.7545
858 48.7545
859 48.7545
860 48.7545
861 48.7545
862 48.7545
863 48.7545
864 48.7545
865 48.7545
866 48.7545
867 48.7545
868 48.7545
869 48.7545
870 48.7545
871 48.7545
872 49.6588
873 49.6588
874 49.6588
875 49.6588
876 49.6588
877 49.6588
878 49.6588
879 49.6588
880 49.6588
881 49.6588
882 50.5668
883 50.5668
884 50.5668
885 50.5668
886 50.5668
887 51.4782
888 51.4782
889 51.4782
890 51.4782
891 51.4782
892 51.4782
893 51.4782
894 51.4782
895 51.4782
896 51.4782
897 51.4782
898 51.4782
899 51.4782
900 51.4782
901 51.4782
902 51.4782
903 51.4782
904 51.4782
905 51.4782
906 51.4782
907 51.4782
908 51.4782
909 51.4782
910 51.4782
911 51.4782
912 51.4782
913 51.4782
914 51.4782
915 51.4782
916 51.4782
917 51.4782
918 51.4782
919 51.4782
920 51.4782
921 51.4782
922 51.4782
923 51.4782
924 51.4782
925 51.4782
926 51.4782
927 51.4782
928 51.4782
929 51.4782
930 51.4782
931 51.4782
932 51.4782
933 51.4782
934 51.4782
935 52.3927
936 52.3927
937 52.3927
938 52.3927
939 52.3927
940 52.3927
941 52.3927
942 52.3927
943 52.3927
944 52.3927
945 52.3927
946 52.3927
947 52.3927
948 52.3927
949 52.3927
950 52.3927
951 52.3927
952 52.3927
953 52.3927
954 52.3927
955 52.3927
956 52.3927
957 52.3927
958 52.3927
959 52.3927
960 52.3927
961 52.3927
962 53.3104
963 53.3104
964 53.3104
965 53.3104
966 54.231
967 54.231
968 54.231
969 54.231
970 54.231
971 54.231
972 54.231
973 54.231
974 54.231
975 54.231
976 54.231
977 54.231
978 54.231
979 54.231
980 54.231
981 54.231
982 54.231
983 54.231
984 54.231
985 54.231
986 54.231
987 54.231
988 55.1543
989 55.1543
990 55.1543
991 55.1543
992 56.0803
993 56.0803
994 56.0803
995 56.0803
996 56.0803
997 56.0803
998 56.0803
999 56.0803
1000 57.0088
1001 57.9396
1002 57.9396
1003 57.9396
1004 57.9396
1005 57.9396
1006 57.9396
1007 57.9396
1008 57.9396
1009 57.9396
1010 57.9396
1011 57.9396
1012 57.9396
1013 58.3095
1014 58.3095
1015 58.3095
1016 58.3095
1017 58.3095
1018 58.3095
1019 58.3095
1020 58.3095
1021 58.3095
1022 58.3095
1023 58.3095
1024 58.3095
1025 58.3095
1026 58.6941
1027 58.6941
1028 58.6941
1029 58.6941
1030 58.6941
1031 58.6941
1032 58.6941
1033 58.6941
1034 58.6941
1035 58.6941
1036 58.6941
1037 58.6941
1038 58.6941
1039 58.6941
1040 58.6941
1041 58.6941
1042 58.6941
1043 58.6941
1044 58.6941
1045 58.6941
1046 58.6941
1047 58.6941
1048 58.6941
1049 58.6941
1050 58.6941
1051 58.6941
1052 58.6941
1053 58.6941
1054 58.6941
1055 58.6941
1056 58.6941
1057 58.6941
1058 58.6941
1059 58.6941
1060 58.8727
1061 58.8727
1062 58.8727
1063 58.8727
1064 59.1354
1065 59.1354
1066 59.1354
1067 59.1354
1068 59.1354
1069 59.1354
1070 59.1354
1071 59.1354
1072 59.1354
1073 59.1354
1074 59.1354
1075 59.1354
1076 59.1354
1077 59.1354
1078 59.1354
1079 59.808
1080 59.808
1081 59.808
1082 59.808
1083 59.808
1084 59.808
1085 59.808
1086 59.808
1087 59.808
1088 59.808
1089 59.808
1090 59.808
1091 59.808
1092 59.808
1093 59.808
1094 59.808
1095 59.808
1096 59.808
1097 59.808
1098 59.808
1099 59.808
1100 59.808
1101 59.808
1102 59.808
1103 59.808
1104 59.808
1105 59.808
1106 59.808
1107 59.808
1108 59.808
1109 59.808
1110 59.808
1111 59.808
1112 59.808
1113 59.808
1114 59.808
1115 59.808
1116 59.808
1117 59.808
1118 59.808
1119 59.808
1120 59.808
1121 59.808
1122 59.808
1123 59.808
1124 59.808
1125 59.808
1126 59.808
1127 60.7454
1128 60.7454
1129 60.7454
1130 60.7454
1131 60.7454
1132 60.7454
1133 60.7454
1134 60.7454
1135 60.7454
1136 60.7454
1137 60.7454
1138 60.7454
1139 60.7454
1140 60.7454
1141 60.7454
1142 60.7454
1143 60.7454
1144 60.7454
1145 60.7454
1146 60.7454
1147 60.7454
1148 60.7454
1149 60.7454
1150 60.7454
1151 60.7454
1152 60.7454
1153 60.7454
1154 60.7454
1155 60.7454
1156 60.7454
1157 60.7454
1158 60.7454
1159 60.7454
1160 60.7454
1161 60.7454
1162 60.7454
1163 60.7454
1164 60.7454
1165 61.4003
1166 61.4003
1167 61.4003
1168 61.4003
1169 61.4003
1170 61.4003
1171 61.4003
1172 61.4003
1173 61.4003
1174 61.4003
1175 61.4003
1176 61.4003
1177 61.4003
1178 61.4003
1179 61.4003
1180 61.4003
1181 61.4003
1182 61.4003
1183 61.4003
1184 61.4003
1185 61.4003
1186 61.4003
1187 61.6847
1188 61.6847
1189 61.6847
1190 61.6847
1191 61.6847
1192 61.6847
1193 61.6847
1194 61.6847
1195 61.6847
1196 61.6847
1197 61.6847
1198 61.6847
1199 62.3618
1200 62.3618
1201 62.3618
1202 62.3618
1203 62.3618
1204 62.3618
1205 62.3618
1206 62.3618
1207 62.3618
1208 62.3618
1209 62.3618
1210 62.3618
1211 62.3618
1212 62.3618
1213 62.3618
1214 62.3618
1215 62.3618
1216 62.3618
1217 62.3618
1218 62.3618
1219 62.3618
1220 62.3618
1221 62.3618
1222 62.3618
1223 62.6259
1224 62.6259
1225 62.6259
1226 62.6259
1227 62.6259
1228 62.6259
1229 62.6259
1230 62.6259
1231 63.3246
1232 63.3246
1233 63.3246
1234 63.3246
1235 63.3246
1236 63.3246
1237 63.3246
1238 63.3246
1239 63.3246
1240 63.3246
1241 63.3246
1242 63.3246
1243 63.3246
1244 63.3246
1245 63.3246
1246 63.3246
1247 63.3246
1248 63.3246
1249 63.3246
1250 63.3246
1251 63.3246
1252 63.3246
1253 63.3246
1254 64.0312
1255 64.0312
1256 64.0312
1257 64.0312
1258 64.0312
1259 64.0312
1260 64.0312
1261 64.0312
1262 64.0312
1263 64.0312
1264 64.0312
1265 64.0312
1266 64.0312
1267 64.0312
1268 64.0312
1269 64.0312
1270 64.0312
1271 64.0312
1272 64.0312
1273 64.0312
1274 64.0312
1275 64.0312
1276 64.0312
1277 64.0312
1278 64.0312
1279 64.0312
1280 65
1281 65
1282 65
1283 65
1284 65
1285 65
1286 65
1287 65
1288 65
1289 65
1290 65
1291 65
1292 65
1293 65
1294 65
1295 65
1296 65
1297 65
1298 65
1299 65
1300 65
1301 65.192
1302 65.192
1303 65.192
1304 65.192
1305 65.192
1306 65.192
1307 65.192
1308 65.192
1309 65.192
1310 65.192
1311 65.192
1312 65.192
1313 65.192
1314 65.192
1315 65.192
1316 65.192
1317 65.192
1318 65.192
1319 65.192
1320 65.192
1321 65.192
1322 65.192
1323 65.192
1324 65.192
1325 65.192
1326 65.192
1327 65.192
1328 65.192
1329 65.9697
1330 65.9697
1331 65.9697
1332 65.9697
1333 65.9697
1334 65.9697
1335 65.9697
1336 65.9697
1337 65.9697
1338 65.9697
1339 65.9697
1340 65.9697
1341 65.9697
1342 65.9697
1343 66.2193
1344 66.2193
1345 66.2193
1346 66.2193
1347 66.2193
1348 66.2193
1349 66.2193
1350 66.2193
1351 66.2193
1352 66.2193
1353 66.2193
1354 66.2193
1355 66.2193
1356 67.1863
1357 67.1863
1358 67.1863
1359 67.1863
1360 67.1863
1361 67.1863
1362 67.1863
1363 67.1863
1364 67.1863
1365 67.1863
1366 67.1863
1367 67.1863
1368 67.1863
1369 67.1863
1370 67.1863
1371 67.4463
1372 67.4463
1373 67.4463
1374 67.4463
1375 67.4463
1376 67.4463
1377 67.4463
1378 67.4463
1379 67.4463
1380 67.4463
1381 67.4463
1382 67.4463
1383 67.4463
1384 67.4463
1385 67.4463
1386 67.4463
1387 67.4463
1388 67.4463
1389 67.4463
1390 67.4463
1391 67.4463
1392 68.0074
1393 68.0074
1394 68.0074
1395 68.0074
1396 68.0074
1397 68.0074
1398 68.0074
1399 68.0074
1400 68.0074
1401 68.0074
1402 68.0074
1403 68.0074
1404 68.0074
1405 68.0074
1406 68.0074
1407 68.0074
1408 68.0074
1409 68.0074
1410 68.0074
1411 68.1542
1412 68.1542
1413 68.1542
1414 68.1542
1415 68.1542
1416 68.1542
1417 68.1542
1418 68.1542
1419 68.1542
1420 68.1542
1421 68.1542
1422 68.1542
1423 68.1542
1424 68.1542
1425 68.1542
1426 69.1231
1427 69.1231
1428 69.1231
1429 69.1231
1430 69.1231
1431 69.1231
1432 69.1231
1433 69.1231
1434 69.1231
1435 69.1231
1436 69.1231
1437 69.1231
1438 69.1231
1439 69.1231
1440 69.1231
1441 69.1231
1442 69.1231
1443 69.1231
1444 69.1231
1445 69.1231
1446 69.1231
1447 69.1231
1448 69.1231
1449 69.1231
1450 69.1231
1451 69.1231
1452 69.1231
1453 69.1231
1454 69.1231
1455 69.1231
1456 69.1231
1457 69.1231
1458 69.1231
1459 69.1231
1460 69.1231
1461 69.1231
1462 69.1231
1463 69.1231
1464 69.1231
1465 69.1231
1466 69.1231
1467 69.1231
1468 69.1231
1469 69.1231
1470 69.1231
1471 69.1231
1472 69.1231
1473 69.1231
1474 69.1231
1475 69.1231
1476 69.1231
1477 69.1231
1478 69.1231
1479 69.1231
1480 69.1231
1481 69.1231
1482 69.1231
1483 69.1231
1484 69.1231
1485 69.1231
1486 69.1231
1487 69.1231
1488 69.1231
1489 69.1231
1490 69.1231
1491 69.1231
1492 69.1231
1493 69.1231
1494 69.1231
1495 69.1231
1496 69.1231
1497 69.1231
1498 69.1231
1499 69.1231
1500 69.1231
1501 69.1231
1502 69.1231
1503 69.1231
1504 69.1231
1505 69.1231
1506 69.1231
1507 69.1231
1508 69.1231
1509 69.1231
1510 69.1231
1511 69.1231
1512 69.857
1513 69.857
1514 69.857
1515 69.857
1516 69.857
1517 69.857
1518 69.857
1519 69.857
1520 70.8308
1521 70.8308
1522 70.8308
1523 70.8308
1524 70.8308
1525 70.8308
1526 70.8308
1527 70.8308
1528 70.8308
1529 70.8308
1530 70.8308
1531 70.8308
1532 70.8308
1533 70.8308
1534 70.8308
1535 70.8308
1536 70.8308
1537 70.8308
1538 70.8308
1539 70.8308
1540 70.8308
1541 70.8308
1542 71.0634
1543 71.0634
1544 71.0634
1545 71.0634
1546 71.0634
1547 71.0634
1548 71.0634
1549 71.0634
1550 71.0634
1551 71.0634
1552 71.0634
1553 71.0634
1554 71.0634
1555 71.0634
1556 71.0634
1557 71.0634
1558 71.0634
1559 71.0634
1560 71.0634
1561 71.0634
1562 71.0634
1563 71.0634
1564 71.0634
1565 71.0634
1566 71.0634
1567 71.0634
1568 71.0634
1569 71.0634
1570 71.0634
1571 71.0634
1572 71.0634
1573 71.0634
1574 71.0634
1575 71.0634
1576 71.0634
1577 71.0634
1578 71.0634
1579 71.0634
1580 71.0634
1581 71.0634
1582 71.0634
1583 71.0634
1584 71.0634
1585 71.0634
1586 71.0634
1587 71.0634
1588 71.0634
1589 71.0634
1590 71.0634
1591 71.0634
1592 71.0634
1593 71.0634
1594 71.0634
1595 71.0634
1596 71.0634
1597 71.0634
1598 71.0634
1599 71.0634
1600 71.0634
1601 71.0634
1602 71.0634
1603 71.0634
1604 71.0634
1605 71.0634
1606 71.0634
1607 71.0634
1608 71.0634
1609 71.0634
1610 71.0634
1611 71.0634
1612 71.8053
1613 71.8053
1614 71.8053
1615 71.8053
1616 71.8053
1617 71.8053
1618 71.8053
1619 71.8053
1620 71.8053
1621 71.8053
1622 71.8053
1623 71.8053
1624 71.8053
1625 71.8053
1626 71.8053
1627 71.8053
1628 71.8053
1629 71.8053
1630 71.8053
1631 71.8053
1632 71.8053
1633 71.8053
1634 71.8053
1635 71.8053
1636 71.8053
1637 71.8053
1638 71.8053
1639 71.8053
1640 71.8053
1641 71.8053
1642 72.0347
1643 72.0347
1644 72.0347
1645 72.0347
1646 72.0347
1647 72.0347
1648 72.0347
1649 72.0347
1650 72.0347
1651 72.0347
1652 72.0347
1653 72.0347
1654 72.0347
1655 72.0347
1656 72.0347
1657 72.0347
1658 72.0347
1659 72.0347
1660 72.0347
1661 72.0347
1662 72.0347
1663 72.0347
1664 72.0347
1665 72.0347
1666 72.0347
1667 72.0347
1668 72.0347
1669 72.0347
1670 72.0347
1671 72.0347
1672 72.0347
1673 72.0347
1674 72.0347
1675 72.0347
1676 72.0347
1677 72.0347
1678 72.0347
1679 72.0347
1680 72.0347
1681 72.0347
1682 72.0347
1683 72.0347
1684 72.0347
1685 72.0347
1686 72.0347
1687 72.0347
1688 72.7805
1689 72.7805
1690 72.7805
1691 72.7805
1692 72.7805
1693 72.7805
1694 72.7805
1695 72.7805
1696 72.7805
1697 72.7805
1698 72.7805
1699 72.7805
1700 72.7805
1701 72.7805
1702 72.7805
1703 72.7805
1704 72.7805
1705 72.7805
1706 72.7805
1707 72.7805
1708 72.7805
1709 72.7805
1710 72.7805
1711 72.7805
1712 72.7805
1713 72.7805
1714 72.7805
1715 72.7805
1716 72.7805
1717 72.7805
1718 72.7805
1719 72.7805
1720 72.7805
1721 72.7805
1722 72.7805
1723 72.7805
1724 73.0068
1725 73.0068
1726 73.0068
1727 73.0068
1728 73.0068
1729 73.0068
1730 73.0068
1731 73.0068
1732 73.0068
1733 73.0068
1734 73.0068
1735 73.0068
1736 73.0068
1737 73.0068
1738 73.0068
1739 73.0068
1740 73.0068
1741 73.0068
1742 73.0068
1743 73.0068
1744 73.0068
1745 73.0068
1746 73.0068
1747 73.0068
1748 73.0068
1749 73.0068
1750 73.0068
1751 73.0068
1752 73.0068
1753 73.0068
1754 73.0068
1755 73.0068
1756 73.0068
1757 73.0068
1758 73.0068
1759 73.0068
1760 73.0068
1761 73.0068
1762 73.0068
1763 73.0068
1764 73.0068
1765 73.0068
1766 73.0068
1767 73.0068
1768 73.0068
1769 73.0068
1770 73.0068
1771 73.2462
1772 73.2462
1773 73.2462
1774 73.2462
1775 73.2462
1776 73.2462
1777 73.2462
1778 73.2462
1779 73.2462
1780 73.2462
1781 73.2462
1782 73.2462
1783 73.2462
1784 73.2462
1785 73.2462
1786 73.2462
1787 73.2462
1788 73.2462
1789 73.2462
1790 73.2462
1791 73.2462
1792 73.4983
1793 73.4983
1794 73.4983
1795 73.4983
1796 73.4983
1797 73.4983
1798 73.4983
1799 73.4983
1800 73.4983
1801 73.4983
1802 73.4983
1803 73.4983
1804 73.4983
1805 74.4648
1806 74.4648
1807 74.4648
1808 74.4648
1809 74.4648
1810 74.4648
1811 74.4648
1812 74.4648
1813 74.4648
1814 74.4648
1815 74.4648
1816 74.4648
1817 74.4648
1818 74.4648
1819 74.4648
1820 74.4648
1821 74.4648
1822 74.4648
1823 74.4648
1824 74.4648
1825 74.4648
1826 74.4648
1827 74.4648
1828 74.4648
1829 74.4648
1830 74.4648
1831 74.4648
1832 74.4648
1833 74.4648
1834 74.4648
1835 74.4648
1836 74.4648
1837 74.4648
1838 74.4648
1839 74.4648
1840 74.4648
1841 74.4648
1842 74.4648
1843 74.4648
1844 74.4648
1845 74.4648
1846 74.4648
1847 74.4648
1848 74.4648
1849 74.4648
1850 74.4648
1851 74.4648
1852 74.4648
1853 74.4648
1854 74.4648
1855 74.7262
1856 74.7262
1857 74.7262
1858 74.7262
1859 74.7262
1860 74.7262
1861 74.7262
1862 74.7262
1863 74.7262
1864 74.7262
1865 74.7262
1866 74.7262
1867 74.7262
1868 74.7262
1869 74.7262
1870 74.7262
1871 75
1872 75
1873 75
1874 75
1875 75
1876 75
1877 75
1878 75
1879 75
1880 75
1881 75
1882 75
1883 75
1884 75
1885 75
1886 75.6902
1887 75.6902
1888 75.6902
1889 75.6902
1890 75.6902
1891 75.6902
1892 75.6902
1893 75.6902
1894 75.6902
1895 75.6902
1896 75.6902
1897 75.6902
1898 75.6902
1899 75.6902
1900 75.6902
1901 75.6902
1902 75.6902
1903 75.6902
1904 75.6902
1905 76.6551
1906 76.6551
1907 76.6551
1908 76.6551
1909 76.6551
1910 76.6551
1911 76.6551
1912 76.6551
1913 76.6551
1914 76.6551
1915 76.6551
1916 76.6551
1917 76.6551
1918 76.6551
1919 76.6551
1920 76.6551
1921 76.6551
1922 76.6551
1923 76.6551
1924 76.6551
1925 76.6551
1926 76.6551
1927 76.6551
1928 76.6551
1929 76.6551
1930 76.6551
1931 76.6551
1932 76.6551
1933 76.6551
1934 76.6551
1935 76.6551
1936 77.6209
1937 78.5875
1938 78.5875
1939 78.5875
1940 78.5875
1941 78.5875
1942 78.5875
1943 78.5875
1944 78.5875
1945 78.5875
1946 78.5875
1947 78.5875
1948 78.5875
1949 78.5875
1950 78.5875
1951 78.5875
1952 78.5875
1953 78.5875
1954 78.5875
1955 78.5875
1956 78.5875
1957 78.5875
1958 78.5875
1959 78.5875
1960 78.5875
1961 78.5875
1962 78.5875
1963 78.5875
1964 78.5875
1965 78.5875
1966 78.5875
1967 78.5875
1968 78.5875
1969 78.5875
1970 78.5875
1971 78.5875
1972 78.5875
1973 78.5875
1974 78.5875
1975 78.5875
1976 78.5875
1977 78.5875
1978 78.5875
1979 78.5875
1980 78.5875
1981 78.5875
1982 78.5875
1983 78.5875
1984 78.5875
1985 78.5875
1986 78.5875
1987 78.5875
1988 79.555
1989 79.555
1990 79.555
1991 79.555
1992 79.555
1993 79.555
1994 79.555
1995 79.555
1996 79.555
1997 79.555
1998 80.5233
1999 80.5233
2000 80.5233
2001 80.5233
2002 80.5233
2003 80.5233
2004 80.5233
2005 80.5233
2006 80.5233
2007 80.5233
2008 80.5233
2009 80.5233
2010 80.5233
2011 80.5233
2012 80.5233
2013 80.5233
2014 80.5233
2015 80.5233
2016 80.5233
2017 80.5233
2018 80.5233
2019 80.5233
2020 80.5233
2021 80.5233
2022 80.5233
2023 80.5233
2024 80.5233
2025 80.5233
2026 80.5233
2027 81.4923
2028 81.4923
2029 81.4923
2030 81.4923
2031 81.4923
2032 81.4923
2033 81.4923
2034 81.4923
2035 81.4923
2036 81.4923
2037 81.4923
2038 81.4923
2039 81.4923
2040 81.4923
2041 81.4923
2042 81.4923
2043 81.4923
2044 81.4923
2045 81.4923
2046 81.4923
2047 81.4923
2048 81.4923
2049 81.4923
2050 81.4923
2051 81.4923
2052 81.4923
2053 81.4923
2054 81.4923
2055 81.4923
2056 81.4923
2057 81.4923
2058 81.4923
2059 81.4923
2060 81.4923
2061 81.4923
2062 81.4923
2063 81.4923
2064 81.4923
2065 81.4923
2066 81.4923
2067 81.4923
2068 81.4923
2069 81.4923
2070 81.4923
2071 81.4923
2072 81.4923
2073 81.4923
2074 81.4923
2075 81.4923
2076 81.4923
2077 81.4923
2078 81.4923
2079 82.0061
2080 82.0061
2081 82.0061
2082 82.0061
2083 82.0061
2084 82.0061
2085 82.0061
2086 82.0061
2087 82.0061
2088 82.0061
2089 82.0061
2090 82.0061
2091 82.0061
2092 82.0061
2093 82.0061
2094 82.0061
2095 82.0061
2096 82.0061
2097 82.0061
2098 82.0061
2099 82.0061
2100 82.0061
2101 82.0061
2102 82.0061
2103 82.0061
2104 82.0061
2105 82.0061
2106 82.0061
2107 82.0061
2108 82.0061
2109 82.0061
2110 82.0061
2111 82.0061
2112 82.0061
2113 82.0061
2114 82.0061
2115 82.0061
2116 82.0061
2117 82.0061
2118 82.0061
2119 82.0061
2120 82.0061
2121 82.0061
2122 82.0061
2123 82.0061
2124 82.0061
2125 82.0061
2126 82.0061
2127 82.0061
2128 82.0061
2129 82.0061
2130 82.0061
2131 82.0061
2132 82.0061
2133 82.0061
2134 82.0061
2135 82.0061
2136 82.0061
2137 82.0061
2138 82.0061
2139 82.0061
2140 82.0061
2141 82.0061
2142 82.0061
2143 82.0061
2144 82.0061
2145 82.0061
2146 82.0061
2147 82.0061
2148 82.0061
2149 82.0061
2150 82.0061
2151 82.0061
2152 82.0061
2153 82.0061
2154 82.0061
2155 82.0061
2156 82.0061
2157 82.0061
2158 82.0061
2159 82.0061
2160 82.0061
2161 82.0061
2162 82.0061
2163 82.0061
2164 82.0061
2165 82.0061
2166 82.0061
2167 82.0061
2168 82.0061
2169 82.0061
2170 82.0061
2171 82.0061
2172 82.0061
2173 82.0061
2174 82.0061
2175 82.0061
2176 82.0061
2177 82.0061
2178 82.0061
2179 82.0061
2180 82.0061
2181 82.0061
2182 82.0061
2183 82.0061
2184 82.0061
2185 82.0061
2186 82.0061
2187 82.0061
2188 82.0061
2189 82.0061
2190 82.0061
2191 82.0061
2192 82.0061
2193 82.0061
2194 82.0061
2195 82.0061
2196 82.0061
2197 82.0061
2198 82.0061
2199 82.0061
2200 82.0061
2201 82.0061
2202 82.0061
2203 82.0061
2204 82.0061
2205 82.0061
2206 82.0061
2207 82.0061
2208 82.4621
2209 82.4621
2210 82.4621
2211 82.4621
2212 82.4621
2213 82.4621
2214 82.4621
2215 82.4621
2216 82.4621
2217 82.4621
2218 82.4621
2219 82.4621
2220 82.4621
2221 82.4621
2222 82.4621
2223 82.4621
2224 82.4621
2225 82.4621
2226 82.4621
2227 82.4621
2228 82.4621
2229 82.4621
2230 82.4621
2231 82.4621
2232 82.4621
2233 82.4621
2234 82.4621
2235 82.4621
2236 82.4621
2237 82.4621
2238 82.4621
2239 82.4621
2240 82.4621
2241 82.4621
2242 82.4621
2243 82.4621
2244 82.4621
2245 82.4621
2246 82.4621
2247 82.4621
2248 82.4621
2249 82.4621
2250 82.4621
2251 82.4621
2252 82.4621
2253 82.4621
2254 82.4621
2255 82.4621
2256 82.4621
2257 82.4621
2258 82.4621
2259 82.4621
2260 82.4621
2261 82.4621
2262 82.4621
2263 82.4621
2264 82.4621
2265 83.4326
2266 83.4326
2267 83.4326
2268 83.4326
2269 83.4326
2270 83.4326
2271 83.4326
2272 83.4326
2273 83.4326
2274 83.4326
2275 83.4326
2276 83.4326
2277 83.4326
2278 83.4326
2279 83.4326
2280 83.4326
2281 83.4326
2282 83.4326
2283 83.4326
2284 83.4326
2285 83.4326
2286 83.4326
2287 83.4326
2288 83.4326
2289 83.4326
2290 83.4326
2291 83.4326
2292 83.4326
2293 83.4326
2294 83.4326
2295 83.4326
2296 83.4326
2297 83.4326
2298 83.4326
2299 83.4326
2300 83.4326
2301 83.4326
2302 83.4326
2303 83.4326
2304 83.4326
2305 83.4326
2306 83.5225
2307 83.5225
2308 83.5225
2309 83.5225
2310 83.5225
2311 83.5225
2312 83.5225
2313 83.5225
2314 83.5225
2315 83.5225
2316 83.5225
2317 83.5225
2318 83.5225
2319 83.5225
2320 83.5225
2321 83.5225
2322 83.5225
2323 83.5225
2324 83.5225
2325 83.5225
2326 83.5225
2327 83.5225
2328 83.5225
2329 83.5225
2330 83.5225
2331 83.5225
2332 83.5225
2333 83.5225
2334 83.5225
2335 83.678
2336 83.678
2337 83.678
2338 83.678
2339 83.678
2340 83.678
2341 83.678
2342 83.678
2343 83.678
2344 83.678
2345 83.678
2346 83.678
2347 83.678
2348 83.678
2349 83.678
2350 83.678
2351 83.678
2352 83.678
2353 83.678
2354 83.678
2355 83.678
2356 83.678
2357 83.678
2358 83.678
2359 83.678
2360 83.678
2361 83.678
2362 83.678
2363 83.678
2364 83.678
2365 83.678
2366 83.678
2367 83.678
2368 83.678
2369 83.678
2370 83.678
2371 83.678
2372 83.678
2373 83.678
2374 83.678
2375 83.678
2376 83.678
2377 83.678
2378 83.678
2379 83.678
2380 83.678
2381 83.678
2382 83.678
2383 83.678
2384 83.678
2385 83.678
2386 84.4038
2387 84.4038
2388 84.4038
2389 84.4038
2390 84.4038
2391 84.4038
2392 84.4038
2393 84.4038
2394 84.4038
2395 84.4038
2396 84.4038
2397 84.4038
2398 84.4038
2399 84.4038
2400 84.4038
2401 84.4038
2402 84.4038
2403 84.4038
2404 84.4038
2405 84.4038
2406 84.4038
2407 84.4038
2408 84.4038
2409 84.4038
2410 84.4038
2411 84.4038
2412 84.4038
2413 84.4038
2414 84.4038
2415 84.4038
2416 84.4038
2417 84.4038
2418 84.4038
2419 84.4038
2420 85.1645
2421 85.1645
2422 85.1645
2423 85.1645
2424 85.1645
2425 85.1645
2426 85.1645
2427 85.1645
2428 85.1645
2429 85.1645
2430 85.1645
2431 85.1645
2432 85.1645
2433 85.1645
2434 85.1645
2435 85.1645
2436 85.1645
2437 85.1645
2438 85.1645
2439 85.1645
2440 85.1645
2441 85.1645
2442 85.1645
2443 85.1645
2444 85.1645
2445 85.1645
2446 85.1645
2447 85.1645
2448 85.1645
2449 85.1645
2450 85.1645
2451 85.1645
2452 85.1645
2453 85.1645
2454 85.1645
2455 85.1645
2456 85.1645
2457 86.1278
2458 86.1278
2459 86.1278
2460 86.1278
2461 86.1278
2462 87.0919
2463 87.0919
2464 87.0919
2465 87.0919
2466 87.0919
2467 87.0919
2468 87.0919
2469 87.0919
2470 87.0919
2471 87.0919
2472 87.0919
2473 87.0919
2474 87.0919
2475 87.0919
2476 87.0919
2477 87.0919
2478 87.0919
2479 87.0919
2480 87.0919
2481 87.0919
2482 87.0919
2483 87.0919
2484 87.0919
2485 87.0919
2486 87.0919
2487 87.0919
2488 87.0919
2489 87.0919
2490 87.0919
2491 87.0919
2492 87.0919
2493 87.0919
2494 87.0919
2495 87.0919
2496 87.0919
2497 87.0919
2498 87.0919
2499 87.0919
2500 87.0919
2501 87.0919
2502 87.0919
2503 87.0919
2504 87.0919
2505 87.0919
2506 87.0919
2507 87.0919
2508 87.0919
2509 87.0919
2510 87.0919
2511 87.0919
2512 87.0919
2513 87.0919
2514 87.0919
2515 87.0919
2516 87.0919
2517 87.0919
2518 87.0919
2519 87.0919
2520 87.0919
2521 87.0919
2522 87.0919
2523 87.0919
2524 87.0919
2525 87.0919
2526 87.0919
2527 87.0919
2528 87.0919
2529 87.0919
2530 87.0919
2531 87.0919
2532 87.0919
2533 87.0919
2534 87.0919
2535 87.0919
2536 87.0919
2537 87.0919
2538 87.0919
2539 87.0919
2540 87.0919
2541 87.0919
2542 87.0919
2543 87.2812
2544 87.2812
2545 87.5957
2546 87.5957
2547 87.5957
2548 87.5957
2549 87.5957
2550 87.5957
2551 87.5957
2552 87.9204
2553 87.9204
2554 87.9204
2555 87.9204
2556 87.9204
2557 87.9204
2558 87.9204
2559 87.9204
2560 87.9204
2561 87.9204
2562 87.9204
2563 87.9204
2564 87.9204
2565 87.9204
2566 87.9204
2567 87.9204
2568 87.9204
2569 87.9204
2570 87.9204
2571 87.9204
2572 87.9204
2573 87.9204
2574 87.9204
2575 87.9204
2576 87.9204
2577 87.9204
2578 87.9204
2579 87.9204
2580 87.9204
2581 87.9204
2582 87.9204
2583 87.9204
2584 87.9204
2585 87.9204
2586 87.9204
2587 87.9204
2588 87.9204
2589 87.9204
2590 87.9204
2591 87.9204
2592 87.9204
2593 87.9204
2594 87.9204
2595 87.9204
2596 87.9204
2597 87.9204
2598 87.9204
2599 87.9204
2600 87.9204
2601 87.9204
2602 87.9204
2603 87.9204
2604 88.8651
2605 88.8651
2606 88.8651
2607 88.8651
2608 88.8651
2609 88.8651
2610 88.8651
2611 88.8651
2612 88.8651
2613 88.8651
2614 88.8651
2615 88.8651
2616 88.8651
2617 88.8651
2618 88.8651
2619 88.8651
2620 88.8651
2621 88.8651
2622 88.8651
2623 88.8651
2624 88.8651
2625 88.8651
2626 88.8651
2627 88.8651
2628 88.8651
2629 88.8651
2630 88.8651
2631 88.8651
2632 88.8651
2633 88.8651
2634 88.8651
2635 88.8651
2636 88.8651
2637 88.8651
2638 88.8651
2639 88.8651
2640 88.8651
2641 88.8651
2642 88.8651
2643 88.8651
2644 88.8651
2645 88.8651
2646 88.8651
2647 89.8109
2648 89.8109
2649 89.8109
2650 89.8109
2651 89.8109
2652 89.8109
2653 89.8109
2654 89.8109
2655 89.8109
2656 89.8109
2657 89.8109
2658 89.8109
2659 89.8109
2660 89.8109
2661 89.8109
2662 89.8109
2663 89.8109
2664 89.8109
2665 89.8109
2666 89.8109
2667 89.8109
2668 89.8109
2669 89.8109
2670 89.8109
2671 89.8109
2672 89.8109
2673 89.8109
2674 89.8109
2675 89.8109
2676 89.8109
2677 89.8109
2678 89.8109
2679 89.8109
2680 89.8109
2681 89.8109
2682 89.8109
2683 89.8109
2684 89.8109
2685 89.8109
2686 89.8109
2687 89.8109
2688 89.8109
2689 89.8109
2690 89.8109
2691 89.8109
2692 89.8109
2693 89.8109
2694 89.8109
2695 89.8109
2696 89.8109
2697 89.8109
2698 89.8109
2699 89.8109
2700 89.8109
2701 89.8109
2702 89.8109
2703 89.8109
2704 89.8109
2705 89.8109
2706 89.8109
2707 89.8109
2708 89.8109
2709 89.8109
2710 89.8109
2711 89.8109
2712 89.8109
2713 89.8109
2714 89.8109
2715 89.8109
2716 89.8109
2717 89.8109
2718 89.8109
2719 89.8109
2720 90.1388
2721 90.1388
2722 90.1388
2723 90.1388
2724 90.1388
2725 90.1388
2726 90.1388
2727 90.1388
2728 90.1388
2729 90.1388
2730 90.1388
2731 90.1388
2732 90.1388
2733 90.1388
2734 90.1388
2735 90.1388
2736 90.1388
2737 90.1388
2738 90.1388
2739 90.1388
2740 90.1388
2741 90.1388
2742 90.1388
2743 90.1388
2744 90.1388
2745 90.1388
2746 90.1388
2747 90.1388
2748 90.1388
2749 90.1388
2750 90.1388
2751 90.4765
2752 90.4765
2753 90.4765
2754 90.4765
2755 90.4765
2756 90.4765
2757 91.4166
2758 91.4166
2759 91.4166
2760 91.4166
2761 91.4166
2762 91.4166
2763 92.358
2764 92.358
2765 92.358
2766 92.358
2767 92.358
2768 92.358
2769 92.358
2770 92.358
2771 92.358
2772 92.358
2773 92.358
2774 92.358
2775 92.358
2776 92.358
2777 92.358
2778 92.358
2779 92.358
2780 92.358
2781 92.358
2782 92.358
2783 92.358
2784 92.358
2785 92.358
2786 92.358
2787 92.358
2788 92.358
2789 92.358
2790 92.358
2791 92.358
2792 92.358
2793 92.358
2794 92.358
2795 92.358
2796 92.358
2797 92.358
2798 92.358
2799 92.358
2800 92.358
2801 92.358
2802 92.358
2803 92.358
2804 92.358
2805 92.358
2806 92.358
2807 92.6984
2808 92.6984
2809 92.6984
2810 92.6984
2811 92.6984
2812 92.6984
2813 92.6984
2814 92.6984
2815 92.6984
2816 92.6984
2817 92.6984
2818 92.6984
2819 92.6984
2820 92.6984
2821 92.6984
2822 92.6984
2823 92.6984
2824 92.6984
2825 92.6984
2826 92.6984
2827 92.6984
2828 92.6984
2829 92.6984
2830 92.6984
2831 92.6984
2832 92.6984
2833 92.6984
2834 92.6984
2835 92.6984
2836 92.6984
2837 92.6984
2838 92.6984
2839 92.6984
2840 92.6984
2841 93.6376
2842 93.6376
2843 93.6376
2844 93.6376
2845 93.6376
2846 93.6376
2847 93.6376
2848 93.6376
2849 93.6376
2850 93.6376
2851 93.6376
2852 93.6376
2853 93.6376
2854 93.6376
2855 93.6376
2856 93.6376
2857 93.6376
2858 93.6376
2859 93.6376
2860 93.6376
2861 93.6376
2862 93.6376
2863 93.6376
2864 93.6376
2865 93.6376
2866 93.6376
2867 93.6376
2868 93.6376
2869 93.6376
2870 93.6376
2871 93.6376
2872 93.6376
2873 93.6376
2874 93.6376
2875 93.6376
2876 93.6376
2877 93.6376
2878 93.6376
2879 93.6376
2880 93.6376
2881 93.6376
2882 93.6376
2883 93.6376
2884 93.6376
2885 93.6376
2886 93.6376
2887 93.6376
2888 93.6376
2889 93.6376
2890 93.6376
2891 93.6376
2892 93.6376
2893 93.6376
2894 93.6376
2895 93.6376
2896 93.6376
2897 93.6376
2898 93.6376
2899 93.6376
2900 93.6376
2901 93.6376
2902 93.6376
2903 93.6376
2904 93.6376
2905 93.6376
2906 93.6376
2907 93.6376
2908 93.6376
2909 93.6376
2910 93.6376
2911 93.6376
2912 93.6376
2913 93.6376
2914 93.6376
2915 93.6376
2916 93.6376
2917 93.6376
2918 93.6376
2919 93.6376
2920 93.6376
2921 93.6376
2922 93.6376
2923 93.6376
2924 93.6376
2925 93.6376
2926 93.6376
2927 93.6376
2928 93.6376
2929 93.6376
2930 93.6376
2931 93.6376
2932 93.6376
2933 93.6376
2934 93.6376
2935 93.6376
2936 93.6376
2937 93.6376
2938 93.6376
2939 93.6376
2940 93.6376
2941 93.6376
2942 93.6376
2943 93.6376
2944 93.6376
2945 93.6376
2946 93.771
2947 93.771
2948 93.771
2949 93.771
2950 93.771
2951 93.771
2952 93.771
2953 93.771
2954 93.771
2955 93.771
2956 93.771
2957 93.771
2958 93.771
2959 93.771
2960 93.771
2961 93.771
2962 93.771
2963 93.771
2964 93.771
2965 93.771
2966 93.771
2967 93.771
2968 93.771
2969 93.771
2970 93.771
2971 93.771
2972 93.771
2973 93.771
2974 93.771
2975 93.771
2976 93.771
2977 93.771
2978 93.771
2979 93.771
2980 93.771
2981 93.771
2982 93.771
2983 93.771
2984 93.771
2985 93.771
2986 93.771
2987 93.771
2988 93.771
2989 94.7629
2990 94.7629
2991 94.7629
2992 94.7629
2993 94.7629
2994 94.7629
2995 94.7629
2996 94.7629
2997 94.7629
2998 94.7629
2999 94.7629
3000 94.7629
3001 94.7629
3002 94.7629
3003 94.7629
3004 94.7629
3005 94.7629
3006 94.7629
3007 94.7629
3008 94.7629
3009 94.7629
3010 94.7629
3011 94.7629
3012 94.7629
3013 94.7629
3014 94.7629
3015 94.7629
3016 94.7629
3017 95.5092
3018 95.5092
3019 95.5092
3020 95.5092
3021 95.5092
3022 95.5092
3023 95.5092
3024 95.5092
3025 95.5092
3026 95.5092
3027 95.5092
3028 95.5092
3029 95.5092
3030 95.5092
3031 95.5092
3032 95.5092
3033 95.5092
3034 95.5092
3035 95.5092
3036 95.5092
3037 95.5092
3038 95.5092
3039 95.5092
3040 95.5092
3041 95.5092
3042 95.5092
3043 95.5092
3044 95.5092
3045 95.5092
3046 95.5092
3047 95.5092
3048 95.5092
3049 95.5092
3050 95.5092
3051 95.5092
3052 95.5092
3053 95.5092
3054 95.5092
3055 95.5092
3056 95.5092
3057 95.5092
3058 95.5092
3059 95.5092
3060 96.4624
3061 96.4624
3062 96.4624
3063 96.4624
3064 96.4624
3065 96.4624
3066 96.4624
3067 96.4624
3068 96.4624
3069 96.4624
3070 96.4624
3071 96.4624
3072 96.4624
3073 96.4624
3074 96.4624
3075 96.4624
3076 96.4624
3077 96.4624
3078 96.4624
3079 96.4624
3080 96.4624
3081 96.4624
3082 96.4624
3083 96.4624
3084 96.4624
3085 96.4624
3086 96.4624
3087 96.4624
3088 96.4624
3089 96.4624
3090 96.4624
3091 96.4624
3092 96.4624
3093 96.4624
3094 96.4624
3095 96.4624
3096 96.4624
3097 96.4624
3098 96.4624
3099 96.4624
3100 96.4624
3101 96.4624
3102 96.4624
3103 96.4624
3104 96.4624
3105 96.4624
3106 96.4624
3107 96.4624
3108 96.4624
3109 96.4624
3110 96.4624
3111 96.4624
3112 96.4624
3113 97.1236
3114 97.1236
3115 97.1236
3116 97.1236
3117 97.1236
3118 97.1236
3119 97.1236
3120 97.1236
3121 97.1236
3122 97.1236
3123 97.1236
3124 97.1236
3125 97.1236
3126 97.1236
3127 97.1236
3128 97.1236
3129 97.1236
3130 97.1236
3131 97.1236
3132 97.1236
3133 97.1236
3134 97.1236
3135 97.1236
3136 97.1236
3137 97.1236
3138 97.1236
3139 97.1236
3140 97.1236
3141 97.1236
3142 98.0816
3143 98.0816
3144 98.0816
3145 98.0816
3146 98.0816
3147 98.0816
3148 98.0816
3149 98.0816
3150 98.0816
3151 98.0816
3152 98.0816
3153 98.0816
3154 98.0816
3155 98.0816
3156 98.0816
3157 98.3717
3158 98.3717
3159 98.3717
3160 98.3717
3161 98.3717
3162 98.3717
3163 98.3717
3164 98.3717
3165 98.3717
3166 98.3717
3167 98.3717
3168 98.3717
3169 98.3717
3170 98.3717
3171 98.3717
3172 98.3717
3173 98.3717
3174 98.3717
3175 98.3717
3176 98.3717
3177 98.3717
3178 98.3717
3179 98.3717
3180 98.3717
3181 98.3717
3182 98.3717
3183 98.3717
3184 98.3717
3185 98.3717
3186 98.3717
3187 98.3717
3188 98.3717
3189 98.3717
3190 98.3717
3191 98.3717
3192 98.3717
3193 98.3717
3194 98.3717
3195 98.3717
3196 98.3717
3197 98.3717
3198 98.3717
3199 98.3717
3200 98.3717
3201 98.3717
3202 98.3717
3203 98.3717
3204 98.3717
3205 98.3717
3206 98.3717
3207 98.3717
3208 98.3717
3209 98.3717
3210 98.3717
3211 98.3717
3212 98.3717
3213 98.3717
3214 98.3717
3215 98.3717
3216 98.3717
3217 98.3717
3218 98.3717
3219 98.3717
3220 98.3717
3221 98.3717
3222 98.3717
3223 98.3717
3224 98.3717
3225 98.3717
3226 98.3717
3227 98.3717
3228 98.3717
3229 98.3717
3230 98.3717
3231 98.3717
3232 98.3717
3233 98.3717
3234 98.3717
3235 98.3717
3236 98.3717
3237 98.3717
3238 98.3717
3239 98.3717
3240 98.3717
3241 98.3717
3242 98.3717
3243 98.3717
3244 98.3717
3245 98.3717
3246 98.3717
3247 98.3717
3248 98.3717
3249 98.3717
3250 98.3717
3251 98.3717
3252 98.3717
3253 98.3717
3254 98.3717
3255 98.3717
3256 98.3717
3257 98.732
3258 98.732
3259 98.732
3260 98.732
3261 98.732
3262 98.732
3263 98.732
3264 98.732
3265 98.732
3266 98.732
3267 98.732
3268 98.732
3269 98.732
3270 98.732
3271 98.732
3272 98.732
3273 98.732
3274 98.732
3275 98.732
3276 98.732
3277 98.732
3278 98.732
3279 98.732
3280 98.732
3281 98.732
3282 98.732
3283 99.0404
3284 99.0404
3285 99.0404
3286 99.0404
3287 99.0404
3288 99.0404
3289 99.0404
3290 99.0404
3291 99.0404
3292 99.0404
3293 99.0404
3294 99.0404
3295 99.0404
3296 99.0404
3297 99.0404
3298 99.0404
3299 99.0404
3300 99.0404
3301 99.0404
3302 99.0404
3303 99.0404
3304 99.0404
3305 99.0404
3306 99.0404
3307 99.0404
3308 99.0404
3309 99.0404
3310 99.0404
3311 99.0404
3312 99.0404
3313 99.0404
3314 99.0404
3315 99.0404
3316 99.4082
3317 99.4082
3318 99.4082
3319 99.4082
3320 99.4082
3321 99.4082
3322 99.4082
3323 99.4082
3324 99.4082
3325 99.4082
3326 99.4082
3327 99.4082
3328 99.4082
3329 99.4082
3330 99.4082
3331 99.4082
3332 99.4082
3333 99.4082
3334 99.4082
3335 99.4082
3336 99.4082
3337 99.4082
3338 99.4082
3339 99.4082
3340 99.4082
3341 99.4082
3342 99.4082
3343 99.4082
3344 99.4082
3345 99.4082
3346 99.4082
3347 99.4082
3348 99.4082
3349 99.4082
3350 99.4082
3351 99.4082
3352 99.4082
3353 99.4082
3354 99.4082
3355 99.4082
3356 99.4082
3357 99.4082
3358 99.4082
3359 99.4082
3360 100.404
3361 100.404
3362 101.4
3363 101.4
3364 101.4
3365 101.4
3366 101.4
3367 101.4
3368 101.4
3369 101.4
3370 101.4
3371 101.4
3372 101.4
3373 101.4
3374 101.4
3375 101.4
3376 101.4
3377 101.4
3378 101.4
3379 101.4
3380 101.4
3381 101.4
3382 101.4
3383 101.4
3384 101.4
3385 101.4
3386 101.4
3387 101.4
3388 101.4
3389 101.4
3390 101.4
3391 101.4
3392 101.4
3393 101.4
3394 101.4
3395 101.4
3396 101.4
3397 101.4
3398 101.4
3399 101.4
3400 101.4
3401 101.4
3402 102.396
3403 102.396
3404 102.396
3405 102.396
3406 102.396
3407 102.396
3408 102.396
3409 102.396
3410 102.396
3411 102.396
3412 102.396
3413 102.396
3414 102.396
3415 102.396
3416 102.396
3417 102.396
3418 102.396
3419 102.396
3420 102.396
3421 102.396
3422 102.396
3423 102.396
3424 102.396
3425 102.396
3426 102.396
3427 102.396
3428 102.396
3429 102.396
3430 102.396
3431 102.396
3432 102.396
3433 102.396
3434 102.396
3435 102.396
3436 102.396
3437 102.396
3438 102.396
3439 102.396
3440 102.396
3441 103.392
3442 103.392
3443 103.392
3444 103.392
3445 103.392
3446 103.392
3447 103.392
3448 103.392
3449 103.392
3450 103.392
3451 103.392
3452 103.392
3453 104.389
3454 104.389
3455 104.389
3456 104.389
3457 104.389
3458 104.389
3459 104.389
3460 104.389
3461 104.389
3462 104.389
3463 104.389
3464 104.389
3465 104.389
3466 104.389
3467 104.389
3468 104.389
3469 104.389
3470 104.389
3471 104.389
3472 104.389
3473 104.389
3474 104.389
3475 104.389
3476 104.389
3477 104.389
3478 104.48
3479 104.48
3480 104.48
3481 104.48
3482 104.48
3483 104.48
3484 104.48
3485 104.48
3486 104.48
3487 104.48
3488 104.48
3489 104.48
3490 104.48
3491 104.48
3492 104.48
3493 104.48
3494 104.48
3495 104.48
3496 104.48
3497 104.48
3498 104.48
3499 104.48
3500 104.48
3501 104.48
3502 104.48
3503 104.48
3504 104.48
3505 104.48
3506 104.48
3507 104.48
3508 105.475
3509 105.475
3510 105.475
3511 105.475
3512 105.475
3513 105.475
3514 105.475
3515 105.475
3516 105.475
3517 105.475
3518 105.475
3519 105.475
3520 105.475
3521 105.475
3522 105.475
3523 105.475
3524 105.475
3525 105.475
3526 105.475
3527 105.475
3528 105.475
3529 105.475
3530 105.475
3531 105.475
3532 105.475
3533 105.475
3534 105.475
3535 105.475
3536 105.475
3537 105.475
3538 105.475
3539 105.475
3540 105.475
3541 105.475
3542 105.475
3543 105.475
3544 105.475
3545 105.475
3546 105.475
3547 105.475
3548 105.475
3549 105.475
3550 105.475
3551 105.475
3552 105.475
3553 105.475
3554 105.475
3555 106.471
3556 106.471
3557 106.569
3558 106.569
3559 106.569
3560 106.569
3561 106.569
3562 106.569
3563 106.569
3564 106.569
3565 107.466
3566 107.466
3567 107.466
3568 107.466
3569 107.466
3570 107.466
3571 107.466
3572 107.466
3573 107.466
3574 107.466
3575 107.466
3576 107.466
3577 107.466
3578 107.466
3579 107.466
3580 107.466
3581 107.466
3582 107.466
3583 107.466
3584 107.466
3585 107.466
3586 107.466
3587 107.466
3588 107.466
3589 107.466
3590 107.466
3591 107.466
3592 107.466
3593 107.466
3594 107.466
3595 107.466
3596 107.466
3597 107.466
3598 107.466
3599 107.466
3600 107.466
3601 107.466
3602 107.466
3603 107.466
3604 107.466
3605 107.466
3606 107.466
3607 107.466
3608 107.466
3609 107.466
3610 107.466
3611 107.466
3612 107.466
3613 107.466
3614 107.466
3615 107.466
3616 107.466
3617 107.466
3618 107.466
3619 107.466
3620 107.466
3621 107.466
3622 107.466
3623 107.466
3624 107.466
3625 107.466
3626 107.466
3627 107.466
3628 107.466
3629 107.466
3630 107.466
3631 107.466
3632 107.466
3633 107.466
3634 107.466
3635 107.466
3636 107.466
3637 107.466
3638 107.466
3639 107.466
3640 107.466
3641 107.466
3642 108.462
3643 108.462
3644 108.462
3645 108.462
3646 108.462
3647 108.462
3648 108.462
3649 108.462
3650 108.462
3651 108.462
3652 108.462
3653 108.462
3654 108.462
3655 108.462
3656 108.462
3657 108.462
3658 108.462
3659 108.462
3660 108.462
3661 108.462
3662 108.462
3663 108.462
3664 108.462
3665 108.462
3666 108.462
3667 108.462
3668 108.462
3669 108.462
3670 108.462
3671 108.462
3672 108.462
3673 108.462
3674 108.462
3675 108.462
3676 108.462
3677 108.462
3678 108.462
3679 108.462
3680 108.462
3681 108.462
3682 108.462
3683 108.462
3684 108.462
3685 108.462
3686 108.462
3687 108.462
3688 108.462
3689 108.462
3690 108.462
3691 108.462
3692 108.462
3693 108.462
3694 108.462
3695 108.462
3696 108.462
3697 108.462
3698 108.462
3699 108.462
3700 108.462
3701 108.462
3702 108.462
3703 108.462
3704 108.462
3705 108.462
3706 108.462
3707 108.462
3708 108.462
3709 108.462
3710 108.462
3711 108.462
3712 108.462
3713 108.462
3714 108.462
3715 108.462
3716 108.462
3717 108.462
3718 108.462
3719 108.462
3720 108.462
3721 108.462
3722 108.462
3723 108.462
3724 108.462
3725 108.462
3726 108.462
3727 108.462
3728 108.462
3729 108.462
3730 108.462
3731 108.462
3732 108.462
3733 108.462
3734 108.462
3735 108.462
3736 108.462
3737 108.462
3738 108.462
3739 108.462
3740 108.462
3741 108.462
3742 108.559
3743 108.559
3744 108.559
3745 108.559
3746 108.559
3747 108.559
3748 108.559
3749 108.559
3750 108.559
3751 108.559
3752 108.559
3753 108.559
3754 108.559
3755 108.559
3756 108.559
3757 108.559
3758 108.559
3759 108.559
3760 108.559
3761 108.559
3762 108.559
3763 108.559
3764 108.559
3765 108.559
3766 108.559
3767 108.559
3768 108.559
3769 108.559
3770 108.559
3771 108.559
3772 109.554
3773 109.554
3774 109.554
3775 109.554
3776 109.554
3777 109.554
3778 109.554
3779 109.554
3780 109.554
3781 109.554
3782 109.554
3783 109.554
3784 109.554
3785 109.554
3786 109.554
3787 109.554
3788 109.554
3789 109.554
3790 109.554
3791 109.554
3792 109.554
3793 109.554
3794 109.554
3795 109.554
3796 109.554
3797 109.554
3798 109.554
3799 109.554
3800 109.554
3801 109.554
3802 110.549
3803 110.549
3804 110.549
3805 110.549
3806 110.549
3807 110.549
3808 110.549
3809 110.549
3810 110.549
3811 110.549
3812 110.549
3813 110.549
3814 110.549
3815 110.549
3816 110.549
3817 110.549
3818 110.549
3819 110.549
3820 110.549
3821 110.549
3822 110.549
3823 110.549
3824 110.549
3825 110.549
3826 110.549
3827 110.549
3828 110.549
3829 110.549
3830 110.549
3831 110.549
3832 110.549
3833 110.549
3834 110.549
3835 110.549
3836 110.549
3837 110.549
3838 110.549
3839 110.549
3840 110.549
3841 110.549
3842 110.549
3843 110.549
3844 110.549
3845 110.549
3846 110.549
3847 110.549
3848 110.549
3849 110.549
3850 110.549
3851 110.549
3852 110.549
3853 110.549
3854 110.549
3855 110.549
3856 110.549
3857 110.549
3858 110.549
3859 110.549
3860 110.549
3861 110.549
3862 110.549
3863 110.549
3864 110.549
3865 110.549
3866 110.549
3867 110.549
3868 110.549
3869 110.549
3870 110.549
3871 110.549
3872 110.549
3873 110.549
3874 110.549
3875 110.549
3876 110.549
3877 110.549
3878 110.549
3879 110.549
3880 110.549
3881 110.549
3882 110.549
3883 110.549
3884 110.549
3885 110.549
3886 110.549
3887 110.549
3888 110.549
3889 110.549
3890 110.549
3891 110.549
3892 110.549
3893 110.549
3894 110.549
3895 110.549
3896 110.549
3897 110.549
3898 110.549
3899 110.549
3900 110.549
3901 110.549
3902 110.549
3903 110.549
3904 110.549
3905 110.549
3906 110.549
3907 110.549
3908 110.549
3909 110.549
3910 110.549
3911 110.549
3912 110.549
3913 110.549
3914 110.549
3915 110.549
3916 110.549
3917 110.549
3918 110.549
3919 110.549
3920 110.549
3921 110.549
3922 110.549
3923 110.549
3924 110.549
3925 110.549
3926 110.549
3927 110.549
3928 110.549
3929 110.549
3930 110.549
3931 110.549
3932 110.549
3933 110.549
3934 110.549
3935 110.549
3936 110.549
3937 110.549
3938 110.549
3939 110.549
3940 110.549
3941 110.549
3942 110.549
3943 110.549
3944 110.549
3945 110.549
3946 110.549
3947 110.549
3948 110.549
3949 110.549
3950 110.549
3951 110.549
3952 110.549
3953 110.549
3954 110.549
3955 110.549
3956 110.549
3957 110.549
3958 110.549
3959 110.549
3960 110.549
3961 110.549
3962 110.549
3963 110.549
3964 110.549
3965 110.549
3966 110.549
3967 110.549
3968 110.549
3969 110.549
3970 110.549
3971 110.549
3972 110.549
3973 110.549
3974 110.549
3975 111.544
3976 111.544
3977 111.544
3978 111.544
3979 111.544
3980 111.544
3981 111.544
3982 111.544
3983 111.544
3984 111.544
3985 111.544
3986 111.544
3987 111.544
3988 111.544
3989 111.647
3990 111.647
3991 111.647
3992 111.647
3993 111.647
3994 111.647
3995 111.647
3996 111.647
3997 111.647
3998 111.647
3999 111.647
4000 111.647
