10 3.60555
20 5.38516
30 7
40 9.05539
50 11.1803
60 12.0416
70 12.083
80 12.53
90 13.6015
100 14.0357
110 15.2971
120 16.2788
130 16.4924
140 18.4391
150 18.6815
160 18.6815
170 20.8806
180 21.1896
190 21.1896
200 22.1359
210 23.0868
220 23.0868
230 24.0416
240 24.0416
250 24.5153
260 24.5153
270 25.2982
280 26.2488
290 26.2488
300 27.2029
310 27.2029
320 27.2029
330 27.2029
340 27.2029
350 28.3196
360 29.0689
370 29.1204
380 30.0832
390 30.0832
400 30.0832
410 30.3645
420 31.6228
430 33.5261
440 33.5261
450 33.5261
460 33.5261
470 34.4819
480 36.4005
490 38.6005
500 39.2938
