10 3.60555
20 5.38516
30 7
40 9.05539
50 11.1803
60 12.0416
70 12.083
80 12.53
90 13.6015
100 14.0357
110 15.2971
120 16.2788
130 16.4924
140 18.4391
150 18.6815
160 18.6815
170 20.8806
180 21.1896
190 21.1896
200 22.1359
210 23.0868
220 23.0868
230 24.0416
240 24.0416
250 24.5153
260 24.5153
270 25.2982
280 26.2488
290 26.2488
300 27.2029
310 27.2029
320 27.2029
330 27.2029
340 27.2029
350 28.3196
360 29.0689
370 29.1204
380 30.0832
390 30.0832
400 30.0832
410 30.3645
420 31.6228
430 33.5261
440 33.5261
450 33.5261
460 33.5261
470 34.4819
480 36.4005
490 38.6005
500 39.2938
510 39.5601
520 39.5601
530 39.5601
540 39.9249
550 40.8534
560 40.8534
570 41.2311
580 41.2311
590 42.2019
600 42.2019
610 42.72
620 42.72
630 42.72
640 43.0813
650 43.6807
660 43.6807
670 44.3847
680 44.643
690 44.7772
700 45.1885
710 47.0106
720 47.0106
730 47.0106
740 47.0106
750 47.0106
760 47.0106
770 47.927
780 47.927
790 47.927
800 47.927
810 47.927
820 48.7545
830 48.7545
840 48.7545
850 48.7545
860 48.7545
870 48.7545
880 49.6588
890 51.4782
900 51.4782
910 51.4782
920 51.4782
930 51.4782
940 52.3927
950 52.3927
960 52.3927
970 54.231
980 54.231
990 55.1543
1000 57.0088
1010 57.9396
1020 58.3095
1030 58.6941
1040 58.6941
1050 58.6941
1060 58.8727
1070 59.1354
1080 59.808
1090 59.808
1100 59.808
1110 59.808
1120 59.808
1130 60.7454
1140 60.7454
1150 60.7454
1160 60.7454
1170 61.4003
1180 61.4003
1190 61.6847
1200 62.3618
1210 62.3618
1220 62.3618
1230 62.6259
1240 63.3246
1250 63.3246
1260 64.0312
1270 64.0312
1280 65
1290 65
1300 65
1310 65.192
1320 65.192
1330 65.9697
1340 65.9697
1350 66.2193
1360 67.1863
1370 67.1863
1380 67.4463
1390 67.4463
1400 68.0074
1410 68.0074
1420 68.1542
1430 69.1231
1440 69.1231
1450 69.1231
1460 69.1231
1470 69.1231
1480 69.1231
1490 69.1231
1500 69.1231
1510 69.1231
1520 70.8308
1530 70.8308
1540 70.8308
1550 71.0634
1560 71.0634
1570 71.0634
1580 71.0634
1590 71.0634
1600 71.0634
1610 71.0634
1620 71.8053
1630 71.8053
1640 71.8053
1650 72.0347
1660 72.0347
1670 72.0347
1680 72.0347
1690 72.7805
1700 72.7805
1710 72.7805
1720 72.7805
1730 73.0068
1740 73.0068
1750 73.0068
1760 73.0068
1770 73.0068
1780 73.2462
1790 73.2462
1800 73.4983
1810 74.4648
1820 74.4648
1830 74.4648
1840 74.4648
1850 74.4648
1860 74.7262
1870 74.7262
1880 75
1890 75.6902
1900 75.6902
1910 76.6551
1920 76.6551
1930 76.6551
1940 78.5875
1950 78.5875
1960 78.5875
1970 78.5875
1980 78.5875
1990 79.555
2000 80.5233
2010 80.5233
2020 80.5233
2030 81.4923
2040 81.4923
2050 81.4923
2060 81.4923
2070 81.4923
2080 82.0061
2090 82.0061
2100 82.0061
2110 82.0061
2120 82.0061
2130 82.0061
2140 82.0061
2150 82.0061
2160 82.0061
2170 82.0061
2180 82.0061
2190 82.0061
2200 82.0061
2210 82.4621
2220 82.4621
2230 82.4621
2240 82.4621
2250 82.4621
2260 82.4621
2270 83.4326
2280 83.4326
2290 83.4326
2300 83.4326
2310 83.5225
2320 83.5225
2330 83.5225
2340 83.678
2350 83.678
2360 83.678
2370 83.678
2380 83.678
2390 84.4038
2400 84.4038
2410 84.4038
2420 85.1645
2430 85.1645
2440 85.1645
2450 85.1645
2460 86.1278
2470 87.0919
2480 87.0919
2490 87.0919
2500 87.0919
2510 87.0919
2520 87.0919
2530 87.0919
2540 87.0919
2550 87.5957
2560 87.9204
2570 87.9204
2580 87.9204
2590 87.9204
2600 87.9204
2610 88.8651
2620 88.8651
2630 88.8651
2640 88.8651
2650 89.8109
2660 89.8109
2670 89.8109
2680 89.8109
2690 89.8109
2700 89.8109
2710 89.8109
2720 90.1388
2730 90.1388
2740 90.1388
2750 90.1388
2760 91.4166
2770 92.358
2780 92.358
2790 92.358
2800 92.358
2810 92.6984
2820 92.6984
2830 92.6984
2840 92.6984
2850 93.6376
2860 93.6376
2870 93.6376
2880 93.6376
2890 93.6376
2900 93.6376
2910 93.6376
2920 93.6376
2930 93.6376
2940 93.6376
2950 93.771
2960 93.771
2970 93.771
2980 93.771
2990 94.7629
3000 94.7629
3010 94.7629
3020 95.5092
3030 95.5092
3040 95.5092
3050 95.5092
3060 96.4624
3070 96.4624
3080 96.4624
3090 96.4624
3100 96.4624
3110 96.4624
3120 97.1236
3130 97.1236
3140 97.1236
3150 98.0816
3160 98.3717
3170 98.3717
3180 98.3717
3190 98.3717
3200 98.3717
3210 98.3717
3220 98.3717
3230 98.3717
3240 98.3717
3250 98.3717
3260 98.732
3270 98.732
3280 98.732
3290 99.0404
3300 99.0404
3310 99.0404
3320 99.4082
3330 99.4082
3340 99.4082
3350 99.4082
3360 100.404
3370 101.4
3380 101.4
3390 101.4
3400 101.4
3410 102.396
3420 102.396
3430 102.396
3440 102.396
3450 103.392
3460 104.389
3470 104.389
3480 104.48
3490 104.48
3500 104.48
3510 105.475
3520 105.475
3530 105.475
3540 105.475
3550 105.475
3560 106.569
3570 107.466
3580 107.466
3590 107.466
3600 107.466
3610 107.466
3620 107.466
3630 107.466
3640 107.466
3650 108.462
3660 108.462
3670 108.462
3680 108.462
3690 108.462
3700 108.462
3710 108.462
3720 108.462
3730 108.462
3740 108.462
3750 108.559
3760 108.559
3770 108.559
3780 109.554
3790 109.554
3800 109.554
3810 110.549
3820 110.549
3830 110.549
3840 110.549
3850 110.549
3860 110.549
3870 110.549
3880 110.549
3890 110.549
3900 110.549
3910 110.549
3920 110.549
3930 110.549
3940 110.549
3950 110.549
3960 110.549
3970 110.549
3980 111.544
3990 111.647
4000 111.647
4010 111.647
4020 111.647
4030 111.647
4040 112.539
4050 112.539
4060 113.534
4070 113.534
4080 114.529
4090 114.529
4100 114.529
4110 114.529
4120 114.529
4130 114.529
4140 114.529
4150 114.529
4160 115.525
4170 115.525
4180 115.525
4190 115.525
4200 115.525
4210 115.525
4220 115.525
4230 115.525
4240 116.52
4250 116.52
4260 116.52
4270 116.52
4280 116.52
4290 116.52
4300 116.52
4310 116.52
4320 116.52
4330 116.52
4340 117.516
4350 117.516
4360 117.516
4370 118.423
4380 118.423
4390 118.423
4400 118.512
4410 119.419
4420 119.419
4430 119.419
4440 119.419
4450 119.419
4460 119.419
4470 119.419
4480 119.419
4490 119.419
4500 119.419
4510 119.419
4520 119.419
4530 119.419
4540 119.419
4550 119.419
4560 119.419
4570 119.419
4580 119.419
4590 119.604
4600 119.604
4610 119.604
4620 120.416
4630 120.416
4640 120.416
4650 120.416
4660 120.416
4670 120.416
4680 120.416
4690 120.416
4700 120.416
4710 120.416
4720 120.416
4730 120.416
4740 120.416
4750 120.416
4760 120.416
4770 120.416
4780 120.416
4790 120.416
4800 120.416
4810 120.416
4820 121.413
4830 121.413
4840 121.413
4850 121.413
4860 121.413
4870 122.332
4880 122.332
4890 122.332
4900 122.332
4910 122.332
4920 123.329
4930 123.329
4940 123.329
4950 123.329
4960 123.329
4970 123.329
4980 123.329
4990 123.329
5000 123.329
5010 123.329
5020 123.329
5030 124.145
5040 124.145
5050 124.145
5060 124.326
5070 124.326
5080 124.326
5090 124.326
5100 124.326
5110 124.326
5120 124.326
5130 124.326
5140 124.326
5150 126.321
5160 126.321
5170 126.321
5180 126.321
5190 126.321
5200 126.321
5210 126.321
5220 126.321
5230 126.321
5240 126.321
5250 126.321
5260 126.321
5270 127.318
5280 127.318
5290 128.316
5300 128.316
5310 128.316
5320 128.316
5330 129.314
5340 129.314
5350 130.311
5360 130.384
5370 131.309
5380 131.309
5390 131.309
5400 131.309
5410 131.309
5420 131.309
5430 131.309
5440 131.309
5450 131.309
5460 131.309
5470 131.309
5480 131.309
5490 133.304
5500 133.304
5510 133.304
5520 133.375
5530 134.373
5540 134.373
5550 134.373
5560 134.373
5570 134.373
5580 134.373
5590 136.367
5600 136.367
5610 136.367
5620 136.367
5630 136.367
5640 136.367
5650 136.367
5660 136.367
5670 137.364
5680 137.364
5690 137.364
5700 137.364
5710 137.364
5720 138.293
5730 138.293
5740 138.293
5750 138.293
5760 138.293
5770 138.293
5780 138.362
5790 138.362
5800 139.291
5810 139.291
5820 139.291
5830 140.228
5840 140.228
5850 141.227
5860 141.227
5870 141.227
5880 141.227
5890 141.227
5900 141.227
5910 141.227
5920 142.225
5930 142.225
5940 142.225
5950 142.225
5960 142.225
5970 142.225
5980 142.225
5990 142.225
6000 142.225
6010 142.225
6020 142.285
6030 142.285
6040 142.285
6050 142.285
6060 142.285
6070 142.285
6080 142.285
6090 142.285
6100 142.285
6110 142.899
6120 142.899
6130 142.899
6140 142.899
6150 143.014
6160 143.014
6170 143.136
6180 143.136
6190 143.224
6200 143.224
6210 143.224
6220 143.224
6230 143.224
6240 143.892
6250 144.128
6260 145.121
6270 145.121
6280 145.121
6290 145.121
6300 145.121
6310 145.124
6320 145.248
6330 145.88
6340 145.88
6350 145.88
6360 145.88
6370 146.219
6380 146.219
6390 146.219
6400 146.219
6410 146.219
6420 146.219
6430 146.219
6440 146.219
6450 146.219
6460 147.218
6470 147.218
6480 147.218
6490 147.218
6500 147.218
6510 147.363
6520 147.363
6530 147.363
6540 147.363
6550 147.363
6560 147.363
6570 148.223
6580 148.223
6590 148.223
6600 149.164
6610 149.164
6620 149.164
6630 149.164
6640 150.12
6650 150.12
6660 151.162
6670 151.162
6680 151.162
6690 151.162
6700 151.162
6710 151.162
6720 151.162
6730 151.162
6740 151.162
6750 151.162
6760 151.162
6770 151.162
6780 151.162
6790 152.161
6800 152.161
6810 152.161
6820 152.161
6830 152.161
6840 152.161
6850 152.21
6860 152.21
6870 152.21
6880 152.21
6890 152.21
6900 152.21
6910 152.266
6920 152.266
6930 152.266
6940 152.266
6950 153.264
6960 153.264
6970 153.326
6980 153.326
6990 153.326
7000 154.263
7010 154.263
7020 155.261
7030 155.261
7040 155.261
7050 155.261
7060 155.261
7070 155.261
7080 155.261
7090 155.261
7100 155.261
7110 155.261
7120 155.261
7130 155.261
7140 155.261
7150 156.157
7160 156.157
7170 156.157
7180 156.157
7190 156.157
7200 156.157
7210 156.157
7220 156.157
7230 156.157
7240 156.157
7250 156.157
7260 156.157
7270 156.157
7280 156.157
7290 156.157
7300 156.205
7310 156.205
7320 156.205
7330 156.205
7340 156.205
7350 156.205
7360 156.205
7370 156.205
7380 156.205
7390 156.205
7400 156.205
7410 156.205
7420 156.205
7430 156.205
7440 156.205
7450 157.204
7460 157.204
7470 158.202
7480 158.202
7490 159.201
7500 159.201
7510 159.201
7520 159.201
7530 159.201
7540 159.201
7550 159.201
7560 160.112
7570 160.112
7580 160.112
7590 160.112
7600 161.112
7610 161.112
7620 161.112
7630 161.112
7640 161.112
7650 161.112
7660 161.112
7670 161.112
7680 162.111
7690 162.111
7700 163.11
7710 163.11
7720 163.11
7730 163.11
7740 163.11
7750 163.15
7760 163.15
7770 163.15
7780 163.15
7790 163.15
7800 163.15
7810 165.109
7820 165.109
7830 165.109
7840 165.109
7850 165.109
7860 166.108
7870 166.108
7880 166.108
7890 166.108
7900 166.108
7910 166.108
7920 166.108
7930 166.108
7940 167.075
7950 167.075
7960 168.074
7970 169.074
7980 169.074
7990 169.074
8000 169.074
8010 169.074
8020 169.074
8030 169.074
8040 169.074
8050 170.047
8060 170.047
8070 171.047
8080 172.047
8090 172.047
8100 172.047
8110 172.047
8120 172.073
8130 173.046
8140 173.046
8150 173.046
8160 173.046
8170 173.046
8180 173.046
8190 173.046
8200 173.046
8210 173.046
8220 173.046
8230 173.104
8240 174.103
8250 174.103
8260 174.103
8270 174.103
8280 174.103
8290 174.103
8300 174.103
8310 174.103
8320 174.103
8330 174.103
8340 174.103
8350 174.103
8360 174.103
8370 174.103
8380 174.141
8390 174.141
8400 174.141
8410 174.184
8420 175.183
8430 175.183
8440 175.183
8450 175.183
8460 175.183
8470 175.183
8480 175.183
8490 175.183
8500 175.183
8510 175.183
8520 175.183
8530 175.183
8540 175.183
8550 175.183
8560 175.183
8570 175.183
8580 175.183
8590 175.183
8600 175.183
8610 175.231
8620 175.231
8630 175.285
8640 175.285
8650 175.285
8660 176.182
8670 176.284
8680 176.284
8690 176.284
8700 176.284
8710 176.284
8720 176.284
8730 177.282
