2 1
3 1.41421
4 1.41421
5 2.23607
6 2.23607
7 3.16228
8 3.60555
9 3.60555
10 3.60555
11 3.60555
12 4.47214
13 4.47214
14 4.47214
15 4.47214
16 4.47214
17 5
18 5.09902
19 5.09902
20 5.38516
21 5.38516
22 5.38516
23 6
24 6
25 6
26 6
27 6
28 7
29 7
30 7
31 7.07107
32 7.07107
33 7.07107
34 7.07107
35 7.07107
36 7.07107
37 7.07107
38 8.06226
39 9.05539
40 9.05539
41 9.05539
42 9.05539
43 10.0499
44 10.0499
45 10.0499
46 10.198
47 10.198
48 11.1803
49 11.1803
50 11.1803
51 11.1803
52 11.1803
53 11.1803
54 11.4018
55 11.4018
56 11.4018
57 12.0416
58 12.0416
59 12.0416
60 12.0416
61 12.0416
62 12.0416
63 12.0416
64 12.0416
65 12.0416
66 12.0416
67 12.0416
68 12.0416
69 12.0416
70 12.083
71 12.083
72 12.083
73 12.083
74 12.083
75 12.53
76 12.53
77 12.53
78 12.53
79 12.53
80 12.53
81 13.0384
82 13.0384
83 13.0384
84 13.0384
85 13.0384
86 13.0384
87 13.6015
88 13.6015
89 13.6015
90 13.6015
91 13.6015
92 13.6015
93 13.6015
94 13.6015
95 14.0357
96 14.0357
97 14.0357
98 14.0357
99 14.0357
100 14.0357
101 14.0357
102 14.0357
103 14.0357
104 14.3178
105 15.2971
106 15.2971
107 15.2971
108 15.2971
109 15.2971
110 15.2971
111 15.2971
112 16.2788
113 16.2788
114 16.2788
115 16.2788
116 16.2788
117 16.2788
118 16.2788
119 16.2788
120 16.2788
121 16.2788
122 16.2788
123 16.2788
124 16.4924
125 16.4924
126 16.4924
127 16.4924
128 16.4924
129 16.4924
130 16.4924
131 16.4924
132 16.4924
133 16.4924
134 16.4924
135 17.4642
136 17.4642
137 17.4642
138 17.4642
139 18.4391
140 18.4391
141 18.4391
142 18.4391
143 18.4391
144 18.4391
145 18.4391
146 18.4391
147 18.4391
148 18.4391
149 18.6815
150 18.6815
151 18.6815
152 18.6815
153 18.6815
154 18.6815
155 18.6815
156 18.6815
157 18.6815
158 18.6815
159 18.6815
160 18.6815
161 18.6815
162 19.6469
163 19.9249
164 19.9249
165 19.9249
166 20.8806
167 20.8806
168 20.8806
169 20.8806
170 20.8806
171 20.8806
172 20.8806
173 20.8806
174 20.8806
175 20.8806
176 20.8806
177 20.8806
178 20.8806
179 21.1896
180 21.1896
181 21.1896
182 21.1896
183 21.1896
184 21.1896
185 21.1896
186 21.1896
187 21.1896
188 21.1896
189 21.1896
190 21.1896
191 21.1896
192 21.1896
193 21.1896
194 21.1896
195 22.1359
196 22.1359
197 22.1359
198 22.1359
199 22.1359
200 22.1359
201 22.1359
202 22.1359
203 22.1359
204 22.1359
205 22.1359
206 22.1359
207 22.1359
208 22.561
209 22.561
210 23.0868
211 23.0868
212 23.0868
213 23.0868
214 23.0868
215 23.0868
216 23.0868
217 23.0868
218 23.0868
219 23.0868
220 23.0868
221 23.5372
222 23.5372
223 23.5372
224 23.5372
225 23.5372
226 23.5372
227 23.5372
228 24.0416
229 24.0416
230 24.0416
231 24.0416
232 24.0416
233 24.0416
234 24.0416
235 24.0416
236 24.0416
237 24.0416
238 24.0416
239 24.0416
240 24.0416
241 24.0416
242 24.0416
243 24.0416
244 24.0416
245 24.5153
246 24.5153
247 24.5153
248 24.5153
249 24.5153
250 24.5153
