2 1
3 1.41421
4 1.41421
5 2.23607
6 2.23607
7 3.16228
8 3.60555
9 3.60555
10 3.60555
11 3.60555
12 4.47214
13 4.47214
14 4.47214
15 4.47214
16 4.47214
17 5
18 5.09902
19 5.09902
20 5.38516
21 5.38516
22 5.38516
23 6
24 6
25 6
26 6
27 6
28 7
29 7
30 7
31 7.07107
32 7.07107
33 7.07107
34 7.07107
35 7.07107
36 7.07107
37 7.07107
38 8.06226
39 9.05539
40 9.05539
41 9.05539
42 9.05539
43 10.0499
44 10.0499
45 10.0499
46 10.198
47 10.198
48 11.1803
49 11.1803
50 11.1803
51 11.1803
52 11.1803
53 11.1803
54 11.4018
55 11.4018
56 11.4018
57 12.0416
58 12.0416
59 12.0416
60 12.0416
61 12.0416
62 12.0416
63 12.0416
64 12.0416
65 12.0416
66 12.0416
67 12.0416
68 12.0416
69 12.0416
70 12.083
71 12.083
72 12.083
73 12.083
74 12.083
75 12.53
76 12.53
77 12.53
78 12.53
79 12.53
80 12.53
81 13.0384
82 13.0384
83 13.0384
84 13.0384
85 13.0384
86 13.0384
87 13.6015
88 13.6015
89 13.6015
90 13.6015
91 13.6015
92 13.6015
93 13.6015
94 13.6015
95 14.0357
96 14.0357
97 14.0357
98 14.0357
99 14.0357
100 14.0357
101 14.0357
102 14.0357
103 14.0357
104 14.3178
105 15.2971
106 15.2971
107 15.2971
108 15.2971
109 15.2971
110 15.2971
111 15.2971
112 16.2788
113 16.2788
114 16.2788
115 16.2788
116 16.2788
117 16.2788
118 16.2788
119 16.2788
120 16.2788
121 16.2788
122 16.2788
123 16.2788
124 16.4924
125 16.4924
126 16.4924
127 16.4924
128 16.4924
129 16.4924
130 16.4924
131 16.4924
132 16.4924
133 16.4924
134 16.4924
135 17.4642
136 17.4642
137 17.4642
138 17.4642
139 18.4391
140 18.4391
141 18.4391
142 18.4391
143 18.4391
144 18.4391
145 18.4391
146 18.4391
147 18.4391
148 18.4391
149 18.6815
150 18.6815
151 18.6815
152 18.6815
153 18.6815
154 18.6815
155 18.6815
156 18.6815
157 18.6815
158 18.6815
159 18.6815
160 18.6815
161 18.6815
162 19.6469
163 19.9249
164 19.9249
165 19.9249
166 20.8806
167 20.8806
168 20.8806
169 20.8806
170 20.8806
171 20.8806
172 20.8806
173 20.8806
174 20.8806
175 20.8806
176 20.8806
177 20.8806
178 20.8806
179 21.1896
180 21.1896
181 21.1896
182 21.1896
183 21.1896
184 21.1896
185 21.1896
186 21.1896
187 21.1896
188 21.1896
189 21.1896
190 21.1896
191 21.1896
192 21.1896
193 21.1896
194 21.1896
195 22.1359
196 22.1359
197 22.1359
198 22.1359
199 22.1359
200 22.1359
201 22.1359
202 22.1359
203 22.1359
204 22.1359
205 22.1359
206 22.1359
207 22.1359
208 22.561
209 22.561
210 23.0868
211 23.0868
212 23.0868
213 23.0868
214 23.0868
215 23.0868
216 23.0868
217 23.0868
218 23.0868
219 23.0868
220 23.0868
221 23.5372
222 23.5372
223 23.5372
224 23.5372
225 23.5372
226 23.5372
227 23.5372
228 24.0416
229 24.0416
230 24.0416
231 24.0416
232 24.0416
233 24.0416
234 24.0416
235 24.0416
236 24.0416
237 24.0416
238 24.0416
239 24.0416
240 24.0416
241 24.0416
242 24.0416
243 24.0416
244 24.0416
245 24.5153
246 24.5153
247 24.5153
248 24.5153
249 24.5153
250 24.5153
251 24.5153
252 24.5153
253 24.5153
254 24.5153
255 24.5153
256 24.5153
257 24.5153
258 24.5153
259 24.5153
260 24.5153
261 24.5153
262 24.5153
263 24.5153
264 24.5153
265 24.5153
266 24.5153
267 24.5153
268 25.2982
269 25.2982
270 25.2982
271 25.2982
272 25.2982
273 25.2982
274 25.2982
275 25.2982
276 26.2488
277 26.2488
278 26.2488
279 26.2488
280 26.2488
281 26.2488
282 26.2488
283 26.2488
284 26.2488
285 26.2488
286 26.2488
287 26.2488
288 26.2488
289 26.2488
290 26.2488
291 26.2488
292 26.2488
293 26.2488
294 26.2488
295 27.2029
296 27.2029
297 27.2029
298 27.2029
299 27.2029
300 27.2029
301 27.2029
302 27.2029
303 27.2029
304 27.2029
305 27.2029
306 27.2029
307 27.2029
308 27.2029
309 27.2029
310 27.2029
311 27.2029
312 27.2029
313 27.2029
314 27.2029
315 27.2029
316 27.2029
317 27.2029
318 27.2029
319 27.2029
320 27.2029
321 27.2029
322 27.2029
323 27.2029
324 27.2029
325 27.2029
326 27.2029
327 27.2029
328 27.2029
329 27.2029
330 27.2029
331 27.2029
332 27.2029
333 27.2029
334 27.2029
335 27.2029
336 27.2029
337 27.2029
338 27.2029
339 27.2029
340 27.2029
341 28.1603
342 28.1603
343 28.1603
344 28.1603
345 28.1603
346 28.1603
347 28.1603
348 28.3196
349 28.3196
350 28.3196
351 28.3196
352 29
353 29
354 29
355 29
356 29
357 29.0689
358 29.0689
359 29.0689
360 29.0689
361 29.0689
362 29.0689
363 29.0689
364 29.1204
365 29.1204
366 29.1204
367 29.1204
368 29.1204
369 29.1204
370 29.1204
371 29.1204
372 29.1204
373 29.1204
374 30.0832
375 30.0832
376 30.0832
377 30.0832
378 30.0832
379 30.0832
380 30.0832
381 30.0832
382 30.0832
383 30.0832
384 30.0832
385 30.0832
386 30.0832
387 30.0832
388 30.0832
389 30.0832
390 30.0832
391 30.0832
392 30.0832
393 30.0832
394 30.0832
395 30.0832
396 30.0832
397 30.0832
398 30.0832
399 30.0832
400 30.0832
401 30.0832
402 30.0832
403 30.0832
404 30.0832
405 30.0832
406 30.0832
407 30.0832
408 30.0832
409 30.0832
410 30.3645
411 30.3645
412 31.3209
413 31.3209
414 31.6228
415 31.6228
416 31.6228
417 31.6228
418 31.6228
419 31.6228
420 31.6228
421 31.6228
422 31.6228
423 31.6228
424 31.6228
425 31.6228
426 31.6228
427 32.573
428 33.5261
429 33.5261
430 33.5261
431 33.5261
432 33.5261
433 33.5261
434 33.5261
435 33.5261
436 33.5261
437 33.5261
438 33.5261
439 33.5261
440 33.5261
441 33.5261
442 33.5261
443 33.5261
444 33.5261
445 33.5261
446 33.5261
447 33.5261
448 33.5261
449 33.5261
450 33.5261
451 33.5261
452 33.5261
453 33.5261
454 33.5261
455 33.5261
456 33.5261
457 33.5261
458 33.5261
459 33.5261
460 33.5261
461 33.5261
462 33.5261
463 33.5261
464 33.5261
465 33.5261
466 33.5261
467 33.5261
468 33.5261
469 33.5261
470 34.4819
471 34.4819
472 34.4819
473 34.4819
474 34.4819
475 34.4819
476 34.4819
477 34.4819
478 35.4401
479 36.4005
480 36.4005
481 36.4005
482 36.4005
483 37.3631
484 38.3275
485 38.6005
486 38.6005
487 38.6005
488 38.6005
489 38.6005
490 38.6005
491 38.6005
492 38.8973
493 38.8973
494 38.8973
495 38.8973
496 39.2938
497 39.2938
498 39.2938
499 39.2938
500 39.2938
501 39.5601
502 39.5601
503 39.5601
504 39.5601
505 39.5601
506 39.5601
507 39.5601
508 39.5601
509 39.5601
510 39.5601
511 39.5601
512 39.5601
513 39.5601
514 39.5601
515 39.5601
516 39.5601
517 39.5601
518 39.5601
519 39.5601
520 39.5601
521 39.5601
522 39.5601
523 39.5601
524 39.5601
525 39.5601
526 39.5601
527 39.5601
528 39.5601
529 39.5601
530 39.5601
531 39.5601
532 39.5601
533 39.5601
534 39.5601
535 39.5601
536 39.5601
537 39.5601
538 39.5601
539 39.9249
540 39.9249
541 39.9249
542 39.9249
543 39.9249
544 39.9249
545 39.9249
546 39.9249
547 40.2616
548 40.8534
549 40.8534
550 40.8534
551 40.8534
552 40.8534
553 40.8534
554 40.8534
555 40.8534
556 40.8534
557 40.8534
558 40.8534
559 40.8534
560 40.8534
561 41.2311
562 41.2311
563 41.2311
564 41.2311
565 41.2311
566 41.2311
567 41.2311
568 41.2311
569 41.2311
570 41.2311
571 41.2311
572 41.2311
573 41.2311
574 41.2311
575 41.2311
576 41.2311
577 41.2311
578 41.2311
579 41.2311
580 41.2311
581 41.2311
582 41.2311
583 41.2311
584 41.2311
585 41.2311
586 41.2311
587 41.2311
588 41.7612
589 42.2019
590 42.2019
591 42.2019
592 42.2019
593 42.2019
594 42.2019
595 42.2019
596 42.2019
597 42.2019
598 42.2019
599 42.2019
600 42.2019
601 42.2019
602 42.2019
603 42.2019
604 42.2019
605 42.2019
606 42.2019
607 42.2019
608 42.2019
609 42.72
610 42.72
611 42.72
612 42.72
613 42.72
614 42.72
615 42.72
616 42.72
617 42.72
618 42.72
619 42.72
620 42.72
621 42.72
622 42.72
623 42.72
624 42.72
625 42.72
626 42.72
627 42.72
628 42.72
629 42.72
630 42.72
631 42.72
632 42.72
633 42.72
634 43.0813
635 43.0813
636 43.0813
637 43.0813
638 43.0813
639 43.0813
640 43.0813
641 43.0813
642 43.0813
643 43.0813
644 43.4166
645 43.4166
646 43.6807
647 43.6807
648 43.6807
649 43.6807
650 43.6807
651 43.6807
652 43.6807
653 43.6807
654 43.6807
655 43.6807
656 43.6807
657 43.6807
658 43.6807
659 43.6807
660 43.6807
661 43.6807
662 44.0114
663 44.0114
664 44.3847
665 44.3847
666 44.3847
667 44.3847
668 44.3847
669 44.3847
670 44.3847
671 44.3847
672 44.3847
673 44.3847
674 44.3847
675 44.3847
676 44.3847
677 44.3847
678 44.643
679 44.643
680 44.643
681 44.643
682 44.643
683 44.643
684 44.7772
685 44.7772
686 44.7772
687 44.7772
688 44.7772
689 44.7772
690 44.7772
691 44.7772
692 44.7772
693 44.7772
694 44.7772
695 44.7772
696 44.7772
697 45.1885
698 45.1885
699 45.1885
700 45.1885
701 45.1885
702 45.1885
703 46.0977
704 46.0977
705 47.0106
706 47.0106
707 47.0106
708 47.0106
709 47.0106
710 47.0106
711 47.0106
712 47.0106
713 47.0106
714 47.0106
715 47.0106
716 47.0106
717 47.0106
718 47.0106
719 47.0106
720 47.0106
721 47.0106
722 47.0106
723 47.0106
724 47.0106
725 47.0106
726 47.0106
727 47.0106
728 47.0106
729 47.0106
730 47.0106
731 47.0106
732 47.0106
733 47.0106
734 47.0106
735 47.0106
736 47.0106
737 47.0106
738 47.0106
739 47.0106
740 47.0106
741 47.0106
742 47.0106
743 47.0106
744 47.0106
745 47.0106
746 47.0106
747 47.0106
748 47.0106
749 47.0106
750 47.0106
751 47.0106
752 47.0106
753 47.0106
754 47.0106
755 47.0106
756 47.0106
757 47.0106
758 47.0106
759 47.0106
760 47.0106
761 47.927
762 47.927
763 47.927
764 47.927
765 47.927
766 47.927
767 47.927
768 47.927
769 47.927
770 47.927
771 47.927
772 47.927
773 47.927
774 47.927
775 47.927
776 47.927
777 47.927
778 47.927
779 47.927
780 47.927
781 47.927
782 47.927
783 47.927
784 47.927
785 47.927
786 47.927
787 47.927
788 47.927
789 47.927
790 47.927
791 47.927
792 47.927
793 47.927
794 47.927
795 47.927
796 47.927
797 47.927
798 47.927
799 47.927
800 47.927
801 47.927
802 47.927
803 47.927
804 47.927
805 47.927
806 47.927
807 47.927
808 47.927
809 47.927
810 47.927
811 47.927
812 47.927
813 47.927
814 47.927
815 47.927
816 47.927
817 47.927
818 47.927
819 48.7545
820 48.7545
821 48.7545
822 48.7545
823 48.7545
824 48.7545
825 48.7545
826 48.7545
827 48.7545
828 48.7545
829 48.7545
830 48.7545
831 48.7545
832 48.7545
833 48.7545
834 48.7545
835 48.7545
836 48.7545
837 48.7545
838 48.7545
839 48.7545
840 48.7545
841 48.7545
842 48.7545
843 48.7545
844 48.7545
845 48.7545
846 48.7545
847 48.7545
848 48.7545
849 48.7545
850 48.7545
851 48.7545
852 48.7545
853 48.7545
854 48.7545
855 48.7545
856 48.7545
857 48.7545
858 48.7545
859 48.7545
860 48.7545
861 48.7545
862 48.7545
863 48.7545
864 48.7545
865 48.7545
866 48.7545
867 48.7545
868 48.7545
869 48.7545
870 48.7545
871 48.7545
872 49.6588
873 49.6588
874 49.6588
875 49.6588
876 49.6588
877 49.6588
878 49.6588
879 49.6588
880 49.6588
881 49.6588
882 50.5668
883 50.5668
884 50.5668
885 50.5668
886 50.5668
887 51.4782
888 51.4782
889 51.4782
890 51.4782
891 51.4782
892 51.4782
893 51.4782
894 51.4782
895 51.4782
896 51.4782
897 51.4782
898 51.4782
899 51.4782
900 51.4782
901 51.4782
902 51.4782
903 51.4782
904 51.4782
905 51.4782
906 51.4782
907 51.4782
908 51.4782
909 51.4782
910 51.4782
911 51.4782
912 51.4782
913 51.4782
914 51.4782
915 51.4782
916 51.4782
917 51.4782
918 51.4782
919 51.4782
920 51.4782
921 51.4782
922 51.4782
923 51.4782
924 51.4782
925 51.4782
926 51.4782
927 51.4782
928 51.4782
929 51.4782
930 51.4782
931 51.4782
932 51.4782
933 51.4782
934 51.4782
935 52.3927
936 52.3927
937 52.3927
938 52.3927
939 52.3927
940 52.3927
941 52.3927
942 52.3927
943 52.3927
944 52.3927
945 52.3927
946 52.3927
947 52.3927
948 52.3927
949 52.3927
950 52.3927
951 52.3927
952 52.3927
953 52.3927
954 52.3927
955 52.3927
956 52.3927
957 52.3927
958 52.3927
959 52.3927
960 52.3927
961 52.3927
962 53.3104
963 53.3104
964 53.3104
965 53.3104
966 54.231
967 54.231
968 54.231
969 54.231
970 54.231
971 54.231
972 54.231
973 54.231
974 54.231
975 54.231
976 54.231
977 54.231
978 54.231
979 54.231
980 54.231
981 54.231
982 54.231
983 54.231
984 54.231
985 54.231
986 54.231
987 54.231
988 55.1543
989 55.1543
990 55.1543
991 55.1543
992 56.0803
993 56.0803
994 56.0803
995 56.0803
996 56.0803
997 56.0803
998 56.0803
999 56.0803
1000 57.0088
